458
8500
9928
7058
4050
5608
6931
8708
3099
10332
2733
317
474
9455
7418
9669
2626
569
7791
9673
6800
3540
6706
9671
7250
7261
8073
9918
9594
5120
6436
3119
2326
2618
3399
6777
8810
9482
1458
4023
3403
3864
1710
9213
1393
4601
9806
6489
3499
10421
5400
9934
10323
6555
89
7318
9504
6678
2521
512
504
8424
2975
5737
2575
5661
3144
6625
10152
7550
9811
3698
7489
9933
2431
2472
7539
5796
5805
3839
2797
6566
8
8594
5394
3553
9249
1695
2322
9151
6605
4595
10325
9447
3857
5051
1341
9695
2372
6550
9273
102
6360
104
2390
4327
3923
744
5860
5087
7920
4271
105
611
1735
5095
8795
1933
7787
5268
7307
3548
6601
9598
520
7176
3756
2191
8781
7538
1787
9300
196
7448
6844
6701
3213
8501
1898
2401
5841
6438
8537
7384
5691
7577
8511
8094
3493
2223
3799
2506
1687
3355
3212
5580
1098
10206
2520
1272
348
3922
5378
5048
1056
9868
7370
3539
10221
3440
421
3946
3542
5693
3632
3006
7453
3875
477
2831
6336
7385
2397
5046
6557
2972
9855
1749
7342
8567
9282
8475
7511
9245
8095
9255
6621
9469
7190
6611
3218
313
3028
3273
8241
7382
5193
6775
1753
4974
7774
6626
7838
4600
8648
2321
5467
5801
9197
7972
202
1750
1541
4713
4634
3863
4007
4015
503
1106
7605
1723
8473
5375
5272
7981
6662
8649
1446
9430
2524
5393
5328
8589
8748
5448
5376
2971
8408
7177
3685
8807
5205
8484
6802
7561
42
7209
682
5295
4650
5416
3738
2619
8604
8425
9446
1595
4108
9195
2224
7293
1303
9266
3543
7208
3777
3546
1759
8102
9239
2559
3003
5862
9585
9491
3500
5261
7720
2067
6686
530
4620
7948
7921
2851
6564
1950
947
8586
4002
5311
9463
6456
6385
7951
1479
6399
5264
9989
4105
3973
1894
9919
6384
5274
9844
5392
2804
7988
3877
6553
6606
6212
777
7399
3311
5346
5130
4669
9275
6391
5322
1740
325
8467
3599
9426
9932
8737
3897
7820
970
7840
8069
9977
6712
2919
3160
353
7377
5161
9193
8797
3241
3557
374
8824
958
3482
5215
6847
9578
5431
5809
9861
6703
3444
5320
240
6944
5313
4716
7989
1971
2160
2339
2170
3474
816
4693
5069
8768
7798
8132
959
9204
2157
1700
3117
7447
5291
7690
9839
4651
9226
9297
2655
3313
4114
6872
3285
6628
7663
294
2584
3541
7352
3141
5830
4761
6918
3312
35
2978
5705
619
6986
6657
3238
10173
3999
7222
1489
3853
1509
4101
1689
3310
3587
3914
6504
5477
2195
1955
584
7830
5530
7213
6970
3896
8647
10238
5010
5478
9525
7381
8286
7488
1591
2164
9869
626
4665
4756
3938
7025
7818
405
8730
3508
4799
4314
9498
2440
5607
5447
3214
114
6690
2503
3834
5781
6942
4615
2033
1960
6512
2447
5256
9611
7795
3974
2166
565
5803
5838
9632
3412
7716
2027
7498
2374
7245
5773
6667
286
5331
7714
9264
9593
3621
8518
5632
5645
4121
7400
5236
10352
9223
3822
6470
8653
3442
4632
2498
2551
5226
6962
1607
7670
5798
121
9701
7564
2933
7784
4309
3991
2481
2934
6583
5755
4035
5329
9856
6277
7368
8514
7688
2651
9235
8426
1688
5749
2838
956
3954
7229
8478
5837
6576
1081
7594
452
7712
8413
1757
585
9905
4078
7167
6395
8389
4302
8725
10357
4617
1124
7188
5815
5663
952
9539
721
3778
8005
5271
3710
2436
3002
10233
10175
978
2629
10177
8847
3902
4012
4762
1967
3472
4978
8144
2193
5055
9479
6387
2429
7348
6961
3509
3612
746
7632
5002
2833
9545
7611
8603
8492
9716
2000
10370
2572
8281
1128
6685
2848
5140
497
1536
4127
3603
2319
5858
7578
1714
1895
4598
401
6846
10335
7889
6725
2519
1963
1792
7404
5223
5791
2866
479
1558
4318
1463
2021
3059
6797
6333
6734
4977
4649
7437
9189
115
5198
466
8291
8111
2940
801
9431
1731
798
7524
3589
9444
1744
7657
8269
1970
3415
5137
5603
834
10371
1789
5511
3359
8276
7892
6344
4089
3528
2916
10431
5395
5003
1680
8611
7454
3506
6542
4280
8066
5799
6340
8775
8762
6524
7679
832
3701
6904
8106
632
4718
4969
4063
3344
9597
7460
3057
9128
2370
9020
2979
1459
321
8754
9596
332
7702
3607
6326
7548
3816
9445
7251
8292
9719
5778
2805
9291
2383
3604
8273
5263
7219
5065
8842
2445
108
3529
4621
3711
5047
573
3840
3350
3278
5399
6623
9207
3477
1305
101
6358
3483
9993
5174
1964
9911
608
7986
1140
3037
5528
4750
3448
3872
441
994
3243
2570
1382
1100
33
5139
7667
887
7186
5712
6790
7086
2563
4624
8406
8288
8481
7391
9958
517
593
4094
3220
1354
7256
9339
9017
6425
6615
7674
4056
9893
2210
7839
9791
4609
6875
1112
2961
9554
1594
3411
1514
8784
6402
9910
1371
8451
3622
9826
2501
9589
4700
7772
2435
3134
2525
1575
7630
5659
233
1426
9825
5283
2665
8004
78
8441
9939
1563
7156
3779
8711
7725
34
6416
2480
9432
10412
6744
9548
7530
5188
2369
7183
2531
10147
1457
6581
4789
2711
1736
5078
7570
1502
9448
5083
1036
3650
5424
9699
4029
9677
5337
41
3150
9293
6503
8651
9555
9816
5733
7451
8782
4743
4796
5203
5513
4329
411
3695
6783
3555
711
10204
146
5315
3745
9642
5410
4682
7666
7273
5200
6356
6339
1099
2951
6546
2392
7536
3682
10336
7661
7963
7184
7310
3371
3525
2354
3147
2642
8749
8528
4300
9957
7362
6540
3001
3903
3166
5151
7357
7182
5251
8601
9509
9209
502
7181
9556
9188
5050
861
7166
5758
10214
4684
1123
1568
3505
7421
3364
1404
2500
2204
8293
4144
8761
2475
4675
3433
8625
7501
6737
6855
5524
4003
1420
5258
6478
9978
4103
8515
5012
4276
5856
2454
9474
3431
7468
3051
3598
9299
10215
2607
564
2573
7438
7658
783
7906
7558
1398
5213
7995
4785
7801
9925
6761
6563
5210
3544
5117
9274
5066
4033
6891
8623
2069
473
7275
7249
2653
5201
1488
9341
4081
3560
7823
2841
2055
6622
2464
3142
3545
6906
2056
6533
3823
8394
2739
863
3689
1725
974
9965
9289
7579
5338
5035
5432
3489
2605
6536
6612
8654
3818
6933
1554
3706
3797
6964
4637
5802
1329
2169
2324
742
10000
2766
5793
6342
1373
6796
3600
470
9614
6545
8577
9805
1508
5402
7908
9472
7640
8839
6272
772
1381
1052
6469
8483
9580
575
3869
9439
1685
3909
3928
3809
6497
7778
9559
340
9328
7782
3639
1914
1984
7738
9857
1966
8137
10025
5523
8051
4319
9497
7462
204
2752
7363
6645
7388
427
4956
6455
8267
6220
5270
8060
2184
856
546
8450
8268
755
1482
8544
1988
1564
9914
7519
10023
1330
8759
3611
386
107
9968
9323
5064
8564
5436
3487
5324
6774
10416
5369
6517
2499
4053
2926
5650
7931
2922
6526
3837
2985
3717
1559
416
490
2847
1304
2473
7783
4073
3267
8838
513
1537
4964
4603
1271
5235
2860
8525
1608
3846
9316
9194
9302
359
5462
563
693
500
3272
9196
1576
3975
7473
1010
3053
5152
36
5308
2514
7854
159
9859
957
6660
5525
2590
315
6493
8763
7043
3135
6276
4285
5644
3547
6415
1349
5105
5554
4321
7327
3427
3733
5092
1592
1388
5435
7360
6219
9513
3324
8770
1126
7169
5784
7127
9136
205
5671
6253
472
3953
3627
4140
7390
8282
7193
7659
4041
9198
9812
1920
4297
2601
1691
4046
7372
868
1582
8039
3447
9436
5508
1734
3275
590
1528
3502
965
6943
6357
8856
995
8830
8523
7312
8599
690
1023
5386
1990
5070
3050
3573
4654
9852
729
5175
7079
5574
7998
2862
10430
7257
8081
6496
3
7018
9342
7094
9954
7444
349
9442
6868
5819
5439
354
5371
8464
4301
10169
3990
2495
1243
10366
8701
7442
1132
9127
3397
8131
6459
6556
9849
6577
3709
9929
3025
6600
3841
3416
8840
713
3256
7461
9185
292
8738
9147
3712
3475
2497
1298
468
1000
341
3326
8231
953
7586
2172
2505
4313
9887
2834
337
9601
2758
2958
6724
85
8417
4097
7905
7083
933
951
7063
2782
8798
6669
6781
5360
3907
1008
966
3648
2400
3421
9219
7398
1494
10380
9277
8468
7218
8287
2868
8724
5104
815
2685
9320
10368
7441
6698
623
7000
2844
1573
6547
1598
7359
6852
5697
2716
3432
112
10227
355
184
182
7637
1497
5460
1336
28
2955
2474
4668
1270
1460
572
3226
1131
3323
2005
7069
10427
528
3628
1535
7011
6983
9220
5287
2854
2921
1105
9243
5260
1755
2036
2371
8727
9617
678
4612
747
1058
2424
3224
7072
3013
6966
9551
3005
399
3318
1076
453
5708
822
1737
1932
2609
5772
7624
7077
8827
3728
7015
8628
4040
7436
1050
7992
3820
6663
3930
780
8565
5185
1593
4088
8595
4605
8035
9441
3420
4153
4017
2391
6390
2171
8642
5276
3742
3562
996
5579
8472
3783
3236
2437
2479
7211
7202
7084
4790
7458
9468
3891
5546
7919
8804
9515
3393
4643
7432
9845
8126
3696
5783
5466
9584
9211
457
6495
8059
4270
8093
6863
3755
3771
10153
710
5855
1394
3263
7464
3162
6993
9961
805
6413
6956
5639
9550
7747
7592
2664
86
717
7634
1728
5385
9793
5225
6263
8719
3146
7163
8053
3434
7522
6570
5209
5804
1979
2423
2077
126
6529
5146
7543
2693
7500
346
8712
514
2757
5777
6739
5583
10360
6927
3694
6681
5780
2809
6753
5081
4738
7598
6348
1542
4117
6616
5133
10028
6689
3128
8001
7281
629
9590
8823
4115
6213
8739
3349
4287
7378
5454
4774
2623
1348
7726
7642
7987
8055
4608
7685
130
10317
2015
1246
9192
4005
2073
8597
2428
7601
579
6912
4704
2422
336
3325
4322
417
2511
1742
3971
342
5044
3385
5418
95
6386
10361
1475
3405
1706
206
5132
2746
7380
2058
7247
6634
7013
9480
7909
2502
6227
7168
8405
2388
930
9241
5249
9682
236
4146
8581
5695
3143
9484
8760
6982
2434
2897
4254
9672
6460
6654
829
4031
2932
5656
5009
6848
1513
6487
616
9296
339
5262
8052
4645
10033
4316
4150
2012
1715
779
7996
10205
2581
412
3881
5221
7217
6589
2814
3235
5160
2614
9563
8607
2156
5618
2680
3766
7771
5147
8453
6784
2740
2801
6242
2530
9599
9630
289
39
5582
1720
10218
2189
3259
7291
1724
7164
981
7717
2754
1462
7796
2379
3163
5800
9854
5446
6499
5086
2355
8423
9145
4141
10381
1095
9851
3406
7137
235
9843
8068
5183
5305
3908
9047
6604
6511
2612
2456
8718
6934
215
1959
6926
1353
5808
9721
8504
4148
3893
750
2477
9475
3890
6760
3796
4619
5073
719
5473
7203
9495
2855
7353
410
3283
6430
9697
2385
7534
7711
4705
9922
7540
9149
3463
1127
3905
3609
5571
9057
7263
5206
8992
5246
1467
7443
10154
2470
2361
2713
7698
5654
7532
128
4747
9538
8615
597
5660
775
8641
1235
8387
7075
1743
6259
1606
4032
6582
867
7422
3633
3949
7569
2031
3582
8650
7718
7700
5839
7521
4616
1443
6218
4699
2633
2663
8078
3536
7545
8593
1406
9670
9866
826
5321
7990
6627
7625
3033
9208
7361
3945
6873
239
3988
8125
7533
9959
6811
7497
1586
3161
7928
7321
2483
821
3775
6726
25
4251
2998
2990
6458
5646
6655
7227
4633
3886
6222
3232
7526
1337
7962
10150
10032
4152
8767
5553
3251
8645
526
7891
10348
4
2836
6869
5531
5747
113
3688
2393
4112
3126
8613
3882
9981
106
3043
6431
2628
9970
6647
125
84
679
10403
2516
529
8485
6699
2953
5332
5031
3501
7537
5011
2003
7656
1679
1555
8034
183
737
3727
6185
4080
6756
6414
3614
7777
8077
3116
2820
3904
3878
3457
1524
3137
7737
5519
1471
3422
4317
2598
3793
10223
2439
3848
5250
2567
5497
4030
7021
3476
7959
5630
3055
7082
790
7694
7232
5282
2175
8112
9810
7397
5413
2845
10202
1747
3335
1078
7223
3601
10230
2748
407
3950
7066
10376
9789
7216
1571
6888
6359
8471
10236
1583
5471
788
3426
6851
3851
1444
2432
2452
2661
9679
3391
3847
5444
6552
7580
767
10149
3140
7721
3152
2009
2592
10414
1395
9998
858
3048
6335
10179
6424
7826
4679
6421
5627
4273
8740
6815
5227
2196
7979
4652
9237
8070
2643
7703
6587
7799
1944
4759
5718
4788
6527
8476
10168
135
7192
7258
2323
6917
4147
3844
4667
5240
8290
2692
3781
5134
8138
7814
1795
884
5611
7815
5576
2006
5490
7812
9527
6908
9202
6573
3782
6789
387
2376
2863
9019
7369
2427
4093
4701
4021
7004
3831
3880
7930
398
8744
5483
237
4680
9210
1587
5526
430
9908
10363
8563
9831
7435
4004
491
1562
10429
2596
2613
935
7157
7828
2396
364
3514
7477
4742
4625
481
7613
9215
2850
3683
5510
10171
7246
4076
3044
9704
6867
8420
7523
6254
2526
3647
1543
7590
329
761
576
6609
4095
2395
5189
6607
1928
9616
7160
5641
8275
7596
3356
2896
5776
10217
1266
9146
8713
8535
330
3772
7392
2187
2079
6694
3209
5077
9838
9295
855
4102
9256
2523
2070
5792
926
5335
9904
7999
6435
7994
5588
8056
2482
3158
496
7835
3498
3254
6427
9681
3892
3595
9814
8278
954
8419
6602
1064
3151
7266
480
5472
3315
7073
94
963
3265
3699
1108
3523
1510
7200
6700
595
9591
352
1922
828
10220
9514
6525
8710
2883
4315
8794
5668
2317
2587
2646
5782
5007
5699
4250
7434
3424
6440
591
3246
388
10203
3046
752
5247
9434
621
1025
1122
8612
7507
6763
4686
6210
5045
728
413
4966
3832
6779
9258
1265
10228
5698
432
5829
3139
6941
4074
5253
714
136
745
3740
6973
4008
1403
4979
3120
1248
9511
3641
7401
5310
9809
8038
8469
3868
2163
8639
1134
5325
3467
8825
6418
2360
4648
735
10354
3753
7593
9912
2471
5387
7736
8393
3774
9477
5464
9344
2627
2358
7412
14
3247
433
522
1925
7467
3516
3402
9542
519
3327
2870
1765
3773
5033
2034
5006
6549
4075
2037
333
229
3145
6752
5094
3558
5707
117
2967
9691
1880
5037
9536
2960
5344
4096
2192
10359
5121
1416
7298
7701
4149
284
6901
6688
6246
8622
5807
1683
351
4020
4255
7006
2007
38
7173
7883
7374
6794
4022
3940
7159
7745
9860
9546
7832
10188
7135
1540
6673
7376
3920
8640
5709
12
3874
2194
1597
9343
6899
6255
7235
1569
6697
3167
8806
9199
1678
3026
442
5388
1581
2756
8105
10346
10170
8848
2956
2970
9453
3788
189
10369
2688
7629
2179
3723
1601
4047
40
1013
6886
10199
6338
109
6488
3690
3726
2504
207
4298
5624
757
7185
2222
7430
2182
3776
10358
5341
3409
2458
345
3217
7853
3913
5191
290
5570
6479
6241
7804
6501
8574
2579
7752
6565
2496
7699
7852
5281
5131
9858
10191
7817
7172
6417
2925
6646
9907
5333
9986
7153
10372
5145
1730
2508
6666
6892
6940
3715
1890
7478
4253
3058
2161
3842
5813
395
3045
3636
2819
3836
1501
4090
9528
2585
6579
2032
5114
531
2053
2453
6798
1125
476
2593
9247
7956
9493
2512
6649
3098
3488
7918
3592
9829
8626
7057
5443
3700
3056
9330
2684
6704
8000
1761
6889
4043
6652
5419
9999
7220
9818
9290
2917
8109
5516
3466
5340
6650
469
2893
7205
2565
8569
5182
5461
8049
7450
1400
4154
2039
10351
7993
419
4602
3561
393
1614
7457
9011
7090
10026
1001
3813
8054
3860
5438
6560
3563
625
6271
8062
3686
9644
8635
10229
3262
764
2620
111
6561
3164
9217
6874
3157
1727
2892
3588
8617
6972
7010
5327
3780
6746
5186
7339
318
776
2061
2507
1472
2569
8524
7881
7428
5273
581
9696
9984
3346
1031
9595
2451
9931
6759
2433
5415
3616
2382
191
2582
9700
1756
7547
287
198
6959
2018
8270
3581
6676
3461
7022
869
5330
1059
3435
6439
3750
3276
8510
5284
3739
7952
8493
1693
9892
9461
567
5015
9459
3929
6507
2730
1760
2574
5527
6379
5119
7744
810
2637
5231
188
3684
97
4635
2980
8071
6474
4955
5719
1758
9506
1561
5123
6992
8526
6465
7174
7848
1549
3850
5612
9920
7967
492
3635
1987
3894
8614
3613
3255
5178
8061
9940
3758
3879
10318
6244
7297
2962
5252
3825
5229
10038
8728
1292
7054
6994
3239
8284
5192
87
7294
2013
7214
9337
1609
9980
1721
8627
5417
3572
7893
176
9248
7691
781
7546
6462
6398
7225
7128
1110
3153
3724
4293
10355
6975
7394
2654
201
37
5581
2880
5666
8079
698
2463
2734
583
5204
8556
8631
5449
986
2667
7455
7525
7314
1005
7431
8596
3369
8817
10239
7562
8579
10021
5629
5729
8802
8107
438
7486
1951
177
5293
2517
3585
5277
7612
6586
5452
493
8765
1003
5429
866
2635
964
2561
6887
3899
8289
3579
5655
2828
7925
6633
4311
3537
5481
1057
7415
5008
1302
5495
3219
465
11
1692
7535
5101
3478
3924
2076
307
5244
9512
689
9438
3752
7953
26
8757
6854
1137
3052
6999
8503
5735
2938
5074
460
3570
10379
684
6905
402
10426
8272
962
1507
9795
2344
3366
6620
8067
4028
3027
358
7616
9221
3459
6531
523
2173
2717
1574
4057
3718
1642
1927
3590
7505
2459
6684
7769
9547
7191
77
1233
9517
5309
4326
1534
5854
2316
5233
122
2398
7016
2807
10344
1351
9544
3049
7622
813
6773
6410
4780
3443
3118
5116
5294
8769
73
6221
534
8702
6209
322
5457
3901
3097
8439
2220
18
7328
6429
3515
1763
706
208
4755
5412
4647
9952
3769
8758
5835
7068
778
5604
6397
9435
2356
8575
7727
7955
6680
4973
10035
4113
7056
2419
2232
8779
3871
10365
9732
8279
4044
8717
8050
6630
5071
5642
5190
8076
7664
8990
8244
6530
3917
5487
5542
6727
3526
323
3115
1051
7627
3339
3222
6792
8652
9487
9969
705
5453
10424
9470
1401
6396
3234
5234
9867
1739
6614
6226
8592
5307
733
3551
3605
4051
2611
751
8704
7923
29
6907
7373
7189
3550
9242
10180
2941
10337
4677
2399
7274
1033
4663
5079
1741
6490
356
2583
30
9206
738
4138
5187
1684
7046
7631
6494
7971
8644
461
5049
9850
4744
5401
7338
8277
338
691
110
4307
1485
7641
8561
2168
200
1055
2011
5859
7563
784
5428
9645
2527
7019
1604
4736
5569
10364
5669
8143
5863
2729
1926
6757
7811
2576
5602
7776
3504
3468
5515
9271
3328
5667
7669
3858
1242
31
98
7315
3281
3861
9244
5343
343
5150
175
5788
8800
8236
5280
4099
9437
9329
9815
6939
2988
5529
2737
2989
6477
5577
1062
5711
1572
4797
7822
10353
8242
3387
2052
7886
6461
8491
3425
82
2784
2719
1686
9056
1448
1096
2065
3687
3095
5118
5794
9915
7880
741
9985
6229
6482
5303
3948
3479
6668
160
5440
7410
8438
6778
7456
5361
9930
7093
9537
7439
174
6866
6411
9678
10362
7395
7271
7599
758
7821
9508
3342
8610
8072
5220
7017
3722
557
426
6580
8580
7790
9012
3149
2438
1752
1006
1061
1697
6629
494
589
2608
7449
9523
5302
5662
5084
3047
6735
725
4100
5124
5734
3705
7276
8101
5425
20
4673
483
3898
5643
718
6422
5125
6958
7671
6216
2327
1073
8746
7343
9722
5053
3830
7773
6974
4249
2817
2448
8104
6265
1410
5100
8778
7065
3221
5652
8266
1605
2625
9440
3821
116
7332
5085
5463
9906
2738
7002
6987
2827
406
10155
6862
2954
2987
2846
7740
7386
3249
9238
2362
2621
6631
6541
3642
3859
730
6243
2209
2839
4741
7210
7844
7393
5298
4644
7954
7739
99
8489
7829
1418
3286
7894
2865
2446
6393
571
8541
8115
9935
10321
3264
6853
7662
7639
1232
799
1570
7336
5814
562
5701
8048
2357
3096
7668
1718
397
6876
6409
316
814
3538
6793
5426
3956
6261
533
6412
6382
1405
7910
4123
7615
7171
6857
2430
2749
8482
6670
7675
7950
9619
7722
3230
439
7621
3725
762
5239
797
4049
10339
2188
6420
7459
1539
8474
5135
2835
809
4636
1024
1301
8064
1470
2568
7803
3490
9465
3618
3824
3784
7429
734
9739
3123
3926
6240
5005
7735
2203
707
7179
8706
7807
1495
2803
2630
2325
6653
5521
10031
4286
5517
6554
2849
6426
3284
7825
5326
2074
991
9518
968
9309
2529
7469
7292
6437
2829
8742
2624
3770
5797
2888
9909
7440
10231
9524
4661
4310
9798
5704
10216
1342
2
6682
2550
6717
2522
6476
8477
1924
7781
582
5459
993
7212
3870
3713
2455
5334
9703
5498
5664
6578
484
4054
6764
3513
9187
950
429
8720
3786
366
9813
10189
9974
3606
5545
3693
5072
1247
934
7723
7607
7371
6432
4751
8134
2560
3757
2513
6812
7305
7617
5628
3787
1703
2162
3873
5427
9251
8418
9552
1487
3000
9240
6762
8536
577
350
178
5700
3503
344
4292
6742
7978
8993
8140
137
9327
7665
2450
285
10213
6928
7308
2167
2586
9730
7020
10219
2984
6535
7531
92
6810
7331
391
9224
9278
2038
5113
5551
803
3365
9450
2724
3942
8700
2343
7792
4662
3970
127
7344
2186
3567
2349
76
768
3795
6234
8602
2384
7224
6492
7696
9494
4664
4091
7965
319
5196
4622
8502
9519
7389
6331
187
7349
8065
4626
7045
7269
3889
7252
7379
7724
7833
4131
3819
3380
506
1788
5738
3136
6388
3486
3307
8517
2062
8989
709
618
5493
820
79
2190
6428
6813
2176
5407
1461
634
6782
1946
10415
2606
3915
10235
8479
5043
3937
6225
10222
1993
5181
2843
5317
5520
3041
1493
6785
3951
8390
2660
7228
6486
7265
2402
2180
3887
118
7475
3317
7780
2753
4324
3704
8780
335
9307
2943
6484
6575
179
5578
6780
6932
9964
3400
7088
5038
7413
3388
8522
3165
1766
1974
1339
9306
3608
1786
8271
606
9606
9261
5269
2735
10240
27
1698
1732
5494
2515
2644
1738
7005
7960
1347
320
4001
10327
9633
6965
1751
9924
4752
4052
3969
3549
1027
5212
769
9288
450
4303
6442
5241
8285
7788
4086
3277
6671
6702
6559
9680
1711
9725
3730
3530
949
5397
6273
6257
9285
5391
3138
4013
6454
6914
9505
7689
9489
6256
9486
9308
7841
3697
10210
7887
3456
7556
4707
7187
7178
5534
5790
3507
727
7221
3532
5279
2981
3916
2177
2185
10022
770
578
6838
8618
5625
7541
782
3491
6843
6960
1340
9540
3495
9842
1109
9485
7904
2532
7802
403
6505
1072
3441
7278
4795
6856
1274
9059
4042
2647
4025
3798
3485
5141
7136
199
7354
498
9529
6483
7427
5694
4060
424
5166
10209
9588
5586
8416
7003
5647
5609
8470
4306
9853
3900
7779
4982
9643
2631
190
10347
8280
3518
8566
3127
3316
8044
3997
5278
3343
9729
7012
9433
525
9698
6510
2363
3170
10208
2375
3308
7476
1791
400
6818
6989
10410
197
1708
7672
3480
1300
1138
1982
467
19
6705
1004
6518
3445
1612
555
6957
792
6719
2755
3520
4642
1682
7175
3347
3989
566
10320
10411
5762
5706
1007
860
5458
8538
8498
9452
3282
8429
4646
982
1506
9586
5316
5823
3691
5306
5544
3534
5296
8133
2662
4787
2632
10181
7485
2728
6718
3826
2736
2010
6814
2449
7961
6585
1414
7824
2837
6434
1389
4328
6572
8753
3383
1544
574
7682
133
6502
3835
1402
980
1275
1245
3279
9618
7899
2350
7582
9222
6833
2808
4061
3510
580
6392
2996
5748
3910
9443
5242
8984
4064
8774
5514
10001
5648
6619
8080
4678
2518
9325
3384
7805
2004
7897
3469
486
1580
3731
7529
186
5214
7492
7850
7859
3939
6845
3248
9225
9847
7528
827
1133
2178
3644
9135
1465
4118
5833
1026
10356
8110
9846
4024
6696
9562
736
203
1918
3336
3947
1674
3240
8403
1103
1719
3511
2966
4281
5245
6224
5153
8082
10234
1969
5144
10224
1899
282
5136
5142
568
955
946
8442
1796
4745
2811
6262
93
6946
2155
3492
9212
6610
749
10226
3155
7180
9259
7770
4972
7575
8237
7233
6837
5180
5259
2181
5265
6347
859
1891
7206
5345
8703
5411
7277
448
10037
6935
862
74
2965
10212
9270
4672
9134
2649
1391
5430
8988
5312
1515
9738
2148
8808
1550
3319
1953
7414
5857
9889
9500
7628
1790
2016
3921
7081
2233
7806
969
9449
2741
5779
3554
9203
7230
2028
9921
1754
10422
2562
763
9864
3955
7055
4018
4278
7286
9456
2352
6658
1704
688
10428
9257
5575
4132
3932
9742
3270
3481
3843
7728
1490
7463
6361
5063
9953
7697
6967
9900
3747
6608
3533
7479
6745
7907
134
7383
633
622
5211
7542
7396
3314
1713
2761
1097
7710
1762
9200
708
5610
1273
5176
9260
7794
10367
3931
7062
6707
280
5217
6963
1726
3156
10413
10397
5115
1696
3458
75
5314
9720
6480
692
4753
3423
185
7604
5442
10225
499
8486
3322
3159
3320
3912
7085
1709
2469
1
2959
8058
3852
5318
2732
7595
7549
948
3244
9269
9279
3865
6537
8063
9481
1981
5853
1897
2420
8583
7007
7259
9138
6562
5626
3692
5162
7365
7446
3862
9451
10232
5552
8494
5434
6509
1442
818
10350
2068
7827
4019
367
8431
9058
3004
9804
5248
743
347
10211
1995
1669
8490
9298
6836
7855
3576
3535
570
4139
8245
2957
2353
7474
10190
8057
7471
2832
3148
9736
9510
4676
5243
5585
1707
960
7903
8091
4116
8540
3845
4670
2944
1577
32
8766
96
6231
3430
3454
1469
6659
5441
9507
9600
5339
6915
3925
2886
5584
3446
8274
6733
9218
6754
1107
6913
6223
9797
617
7170
2509
7270
6491
7626
3367
2510
732
8829
3895
6984
2457
6543
7997
3338
3484
2856
8519
2842
220
4613
3729
9201
7715
6275
7913
5289
6500
1335
5573
1902
748
8809
3021
4125
774
5323
373
1063
5165
3465
7131
1268
5653
556
7644
1009
7207
7800
3972
7749
6558
857
2578
800
6544
10425
10027
10349
6840
4304
295
7729
7808
7888
3849
7480
5690
3649
9741
7746
4660
8606
835
5237
5257
1101
1722
6632
8092
10345
100
3702
10034
3473
8412
9132
8632
609
527
6795
613
6508
4698
103
9476
7445
4133
9292
10
5266
3031
7311
8805
753
5202
5482
8743
72
6835
7199
5163
5224
5370
1399
5720
4980
5336
5228
3594
825
6720
7527
4953
1985
2183
7067
4308
4610
9553
6217
731
459
5506
2799
370
7402
6723
3124
9516
5216
5479
404
3610
6890
7896
6842
13
7215
6433
760
3703
2026
6930
7819
389
428
3305
9898
5696
8386
2986
6677
8113
7333
2616
2320
7387
9254
2691
796
2610
9972
