458
2047
8888
1952
15247
6092
6319
9928
11056
14603
4050
15393
17529
2298
14266
1619
2542
2545
231
4443
17000
4659
16413
16749
2733
474
10941
4611
6269
16460
16982
11142
15458
7791
14001
6800
16660
3540
6706
875
12701
13730
696
16035
9918
9594
15712
16403
13305
10470
8815
4182
6044
5722
6777
14883
9967
1777
9482
4023
14608
11066
11133
14917
17852
12977
1393
12364
12299
8698
4601
6016
5865
9806
4454
10421
9934
16866
15752
7318
1324
16847
14148
17194
878
14714
6678
15837
14753
16928
14153
7009
15389
15504
504
2975
5737
15525
13386
4240
9357
12918
2277
16039
4512
2894
1091
446
1919
5661
3144
9179
7673
7499
3698
11321
7489
10879
16883
15339
9933
2472
7539
5805
2708
16008
15063
13210
6566
7034
17538
15896
8
5394
13729
14382
10899
10008
12741
2677
5938
17166
5572
4383
2558
2322
9151
2099
14554
6605
4595
14966
10076
10325
6251
9447
12359
14246
13220
16021
6278
8221
2372
13874
102
6360
14645
16393
4419
2816
16454
15867
14182
16017
3269
2873
744
6050
13045
5860
17009
16730
12683
6106
7920
15781
2311
13553
14216
15450
8795
7761
8460
3548
10602
14076
6601
12689
12379
18259
13589
6665
3756
10767
10178
8600
14675
15563
8781
15599
7538
1670
9300
8860
16649
15570
6844
13749
2130
4986
13182
7559
13285
17193
14889
11010
2401
16142
10081
9841
6438
1222
11058
15317
2946
7577
14685
10009
6381
9008
8196
3493
4261
2506
13695
1687
12728
6189
1098
12917
18297
12192
10206
2650
5378
16416
6164
12279
18130
15800
16763
4885
11940
7370
3194
12005
3539
10221
4179
13171
16672
8745
15586
14296
9872
16328
1217
16290
3542
10040
10928
8320
18145
11956
477
8682
14990
2397
2777
4122
18006
3174
2972
9855
14625
7342
9282
15061
12068
8475
13217
6776
17165
9340
9255
9469
5058
15378
9390
7032
6045
16989
9022
17479
9117
7190
17182
10769
12750
6268
313
3273
12045
7382
4347
9142
9541
17897
5193
6775
14394
10564
4974
7774
6626
7838
12957
16241
4600
12253
12461
6830
384
2321
5475
3341
16164
3351
16185
7972
14462
14474
13624
4589
628
9380
15679
8463
3395
14241
4015
14170
15222
16780
16566
793
13961
152
1617
4176
8473
5375
7981
6662
13551
10119
8649
13787
17498
12922
16009
8589
5448
2971
12912
8484
14599
14606
156
42
7209
14072
4289
5295
4650
14758
5416
9050
3738
8480
9659
15887
8604
7133
8425
2652
1595
14862
4773
4408
9709
6151
10113
11965
4279
18307
4274
3543
10630
5169
4936
9379
3777
12420
3546
16774
10859
14185
288
9239
2559
6305
8356
13226
9955
12027
8327
10338
8454
7720
6686
14619
7921
17530
3655
17881
5566
7651
6122
6286
6063
5988
6564
14868
509
10891
8586
14025
4002
15022
5311
15600
4771
9463
10654
18263
6385
3744
16564
2977
7080
13004
6399
17036
2334
1769
15299
660
3973
7028
6007
11618
4482
16574
9948
16879
14281
16038
5550
8896
9844
16034
10820
4130
9091
16128
3228
5392
11895
15044
12174
10479
14595
2105
7988
3015
5207
6334
777
13221
8977
13870
14199
10283
14081
5346
5130
4916
4036
13995
17135
325
12963
10409
8467
5936
16661
13661
9408
3599
12828
15084
14759
12278
9426
2265
16442
7239
14643
6064
13933
15074
5717
7840
7465
6712
13867
15914
7377
12709
2127
15564
9193
16925
18066
1819
16052
12293
8457
17013
6316
2840
15197
14209
13399
8230
8824
2407
12419
3482
14924
4883
6847
6675
5431
7165
2347
12166
10193
13864
10246
15842
9861
6703
240
5313
4501
16289
4502
2160
13930
17248
7704
365
3474
13279
13003
5184
2747
13830
1309
5069
15759
8768
16557
7798
1322
8358
2157
9863
6996
1319
3623
3117
16807
5665
5291
12680
9839
14466
5878
4369
848
15895
14354
15569
9297
2655
2368
6872
7198
14612
8364
15610
2584
16875
7765
3541
16891
13554
5861
2404
13427
7352
14788
1356
2338
5898
15102
791
12751
10935
5705
2486
14451
16766
6986
7567
6657
16300
8876
4886
3238
7922
14857
6309
10446
10173
16378
12885
3999
7222
7874
15770
14970
12969
11351
7970
13416
8220
4101
8979
1689
672
3310
15175
7976
16114
9794
3587
6504
2380
10510
168
15003
12111
584
3389
5530
17126
14189
172
7213
16433
14870
9186
17008
7643
5992
5010
8465
6002
5478
7381
15888
12658
8286
17267
17169
7488
8199
1591
2164
9869
1151
626
3205
4756
12059
224
3392
462
10525
15038
3519
1618
7025
405
3376
8553
8730
7695
16674
12765
13669
9708
2687
12694
8624
13218
5771
10882
12020
12232
5447
10475
3414
5911
10883
8331
9025
6282
10932
6690
17303
3834
4487
14027
8225
12714
9286
15090
4396
13207
14031
13776
6131
2566
16090
2447
1556
4267
3974
9621
9573
2166
13942
12002
5565
5803
831
3304
15806
5304
15680
16486
16122
9024
12256
4511
2027
7498
15230
8075
5288
2374
15100
16438
13179
11011
6030
16744
2666
16475
286
5331
7714
9264
17117
9593
8433
3621
7882
5645
4121
6215
16988
6976
15337
7050
8096
7316
18025
9223
12465
9283
12843
3822
6591
16773
169
18086
15794
18040
8584
7756
4290
14477
6962
13235
18029
10305
4476
17937
16195
10069
16844
121
9569
12284
2933
10482
15825
2783
13951
8787
12017
12959
16445
2934
9109
141
14565
16329
4035
5329
2902
10865
10634
6277
5864
7368
8514
11929
7688
14934
2651
9366
6192
16513
13422
12737
12780
13555
2838
16144
4495
16091
15521
12925
13748
11891
8478
18093
14920
3175
4462
4366
7594
12423
15077
8413
1757
4175
2641
10383
585
6156
9905
4466
7775
17314
7167
7513
4510
6395
15829
4302
8187
17488
11970
4921
13247
4617
7188
5689
14057
16179
4390
6401
9539
1315
721
3817
3778
17470
2152
10046
15126
8005
18219
14669
2436
16712
7834
17845
13180
10175
15467
7099
10177
8847
10649
4012
4070
9284
4762
4786
10539
15790
2698
3472
5055
13854
9960
12037
14587
6387
5423
4417
13935
9250
6961
6248
10858
12794
3612
4917
5002
16746
18260
9545
4484
12753
2302
4984
8603
6588
16301
16965
15474
12077
14613
9716
2000
13328
10370
8281
11566
5721
6691
6685
10949
15706
6297
10512
8965
12775
4127
2319
17216
16791
7578
17262
10930
17525
5933
1812
15121
13232
1878
6846
16148
7968
13621
7889
12015
12304
1792
15783
1179
7367
14275
17472
9785
7884
13593
4514
16639
14627
9647
4236
2328
479
4318
16659
6291
542
2021
7647
15990
14289
4946
14993
6333
3680
10848
3586
4649
3977
8084
6130
14033
5485
5198
8291
18347
2940
801
16635
9287
15517
12140
15692
9431
9653
1856
12428
17838
8689
7657
9333
785
17344
15778
368
18212
14456
6042
3415
5137
10469
16370
4991
10635
14639
10371
17141
264
10643
13693
17034
1789
14855
16357
8276
6344
10494
1655
11924
13676
14168
16275
10431
3299
17991
12001
5914
12336
11560
1680
7875
15373
13390
8611
15777
2336
18225
14594
7565
8762
14541
7646
7849
7679
17948
14623
12887
10006
13875
17145
5567
10604
8106
4826
4969
4063
18077
9597
11942
5950
9128
3801
13855
14888
15838
2370
9020
2979
12782
12677
10590
14397
13244
13414
10308
18017
14809
9596
2952
16082
12844
4394
7702
17025
18064
3607
14757
5155
17320
16789
14054
1660
14770
14298
3816
8292
6590
13309
16511
10538
1900
8552
15618
5778
9291
7242
17132
17534
10650
3659
4077
6320
15506
14793
13941
12351
1654
8897
12338
8850
2331
7219
13865
17101
5065
10522
2014
4391
14581
10793
13170
108
3529
3602
8542
3368
14065
11175
4195
5170
3840
10487
13603
3350
16658
6710
7684
9207
15332
15327
15602
1828
6036
16647
2308
3483
13278
9911
608
17519
9360
16871
7986
1140
16269
4750
6346
994
11124
18043
2570
13873
6400
1382
7482
4416
8786
9746
3721
16201
15810
5917
7186
5998
5712
16945
12790
2878
7086
9037
16964
14028
9567
8288
9126
7391
548
13979
13023
11918
517
15611
11093
11054
2122
8202
4094
1354
1589
3293
4445
9339
17877
4588
6425
15509
15193
8562
7515
15008
11173
3370
14740
6112
7839
6823
4609
3980
10465
13402
1112
2961
10439
12671
10436
9554
14206
15207
1594
15585
3411
13241
9910
1371
8451
13991
8017
5557
2243
9826
8899
12324
14003
14687
10085
9950
2501
17003
9103
14605
3531
3271
5684
6118
18071
11930
2525
2786
10519
16675
8691
15834
14922
5927
11074
9106
10744
10070
9825
5283
12154
15233
16652
2665
8004
10644
6951
16047
9756
4575
5348
4385
12053
15738
9382
9939
4157
1563
11022
1310
17879
12708
15703
4363
10030
5409
14582
13019
9568
7725
6416
7141
18146
16423
13745
10576
8859
10412
6568
8308
12974
7530
2199
15533
4944
15530
13742
7751
2369
4478
7878
9745
7183
2531
18293
11958
10544
6048
4789
15433
7876
12183
13230
9448
1638
1036
2676
1531
3650
15246
4084
5424
14284
1806
4029
4507
17184
16517
1147
11090
10476
444
3150
9293
786
6503
12896
12860
3303
13216
10580
8651
6182
10257
15294
1237
18047
13895
7145
17113
17269
7134
16603
551
6126
10254
8782
15949
4743
6453
13333
5513
4384
12425
1596
3695
4455
14049
6592
2539
17276
4882
17146
18342
3745
9642
13369
6108
7666
10457
4469
5200
2951
15318
2392
9078
1615
7536
12370
6971
7661
13234
2974
7963
10924
14032
11118
18315
2330
7184
7310
12674
2354
13931
15062
3147
2642
17069
8749
4257
14805
2421
9957
7362
3903
4993
12431
5151
7357
13936
7182
1178
8601
14395
18081
502
1805
7181
10805
12258
13879
18026
16327
14105
8636
8772
861
138
5018
7166
16468
12243
2787
14311
1568
14566
7421
6362
1404
14107
8122
13750
8905
12239
8761
13657
15519
2475
10766
16110
3433
7322
8975
8625
4757
17836
9086
15449
2104
5846
836
9184
14982
15346
9579
1772
5524
9897
5893
1420
9978
9101
4103
9471
2394
16818
18030
8515
5012
4276
4945
15863
15546
8432
9474
10791
10818
3768
10673
7468
3598
9299
15912
1827
8998
6198
16949
16415
7438
3494
7658
14069
15394
5549
783
7906
7558
1398
7995
4785
7648
15705
6817
10450
15737
15130
6563
9346
4498
5210
3544
5117
2411
7
5518
14235
16947
9099
8623
16873
473
8252
12953
9335
16655
8316
10478
10077
12836
251
12681
16556
13556
850
9341
14629
17826
4081
1113
12944
9410
10529
1087
2841
2055
2487
15073
7588
11889
1374
7568
2464
10341
3142
3545
7890
9753
2683
2056
18031
12219
3823
13261
18152
4998
3657
5891
13413
13397
7416
5787
3720
3976
15617
18217
863
6073
14936
3689
7051
12193
4260
4489
14321
9965
9289
7579
12007
10668
11565
5373
5035
1831
18178
5432
11144
1035
3489
15902
18205
5437
11299
10821
2337
13671
18279
12745
11909
14593
12874
10048
14123
13977
4486
8654
15538
261
3818
13927
5158
451
15080
14992
4828
14055
2324
742
7851
5793
17480
1373
10923
6796
2671
6099
10648
15235
15868
16043
12123
4220
119
17809
17848
8353
9566
15590
1169
3643
8013
14242
16764
12064
7908
8229
15727
9472
13291
9478
6272
12436
214
1381
1052
18127
8483
1221
6330
11919
4604
14549
9152
9580
6022
15556
16270
6134
16182
18124
1685
3809
13922
14496
10651
16938
7778
15559
909
9328
12802
4928
7782
2059
15116
3639
14120
1914
11906
1984
7813
7738
16190
17002
16882
8892
18120
12169
5523
1599
16146
12645
12264
12960
12044
16595
4319
4929
4992
12786
14655
15364
10243
16617
2752
309
15531
8832
7363
11953
10880
18251
12260
7388
4878
3195
14975
427
8011
4956
17874
11925
6220
13314
17106
13983
2184
11955
8450
13880
8544
14977
1829
15720
13683
4365
1564
9914
7519
14041
10566
9312
15721
12100
9800
2300
17156
9752
8546
11165
15483
9968
16265
5064
15780
15716
6768
8576
5436
6774
10416
6517
10662
1676
16800
3114
6423
312
12165
16389
2853
7931
6062
13302
2406
13024
883
3837
2985
1559
14542
12356
2847
2473
16101
12116
3267
6199
4362
10301
2937
1537
5138
18021
16092
16278
4603
13418
2049
2860
8525
1311
3846
6285
12345
4792
3192
16776
12913
9140
9302
14016
359
5342
5462
8360
15828
12150
10492
14029
3272
17499
14790
10666
16775
12334
15628
1010
3394
13228
9281
5152
12435
2722
2263
8191
18015
13836
9859
18197
11915
16644
10284
1857
8736
4356
385
17482
11302
6660
9359
17483
13036
16406
2590
10849
315
11960
501
7117
8763
12760
14662
13051
7364
12638
15407
3547
13796
12112
259
13021
7496
5194
6415
4392
8319
544
4185
14486
12979
5554
16646
17253
11901
15687
14458
5149
13802
15355
2679
7983
18283
3733
1592
13839
17352
5435
7360
16745
11085
14544
16650
16500
1865
2887
6219
15689
7358
14981
8328
17093
13999
8499
17161
17241
8770
18161
8534
10948
7169
5784
2991
16425
3381
16260
205
13412
16498
464
1203
472
10474
3627
15730
4140
8443
12254
5159
5957
10562
14947
1839
10862
14617
12320
8282
16736
7193
7659
14002
4041
3204
1920
1994
4493
5383
4297
535
2154
4046
15616
7372
868
1582
11147
8884
16299
256
4849
13206
2060
2929
18164
1671
13896
13245
15316
15441
590
17902
15789
15792
9084
11495
10010
5148
1915
15536
12830
7620
16240
17088
4142
5354
6519
8668
8856
11903
995
16095
4264
8523
7312
14481
15009
18073
8813
14262
12808
6301
1053
5386
17887
16298
2174
851
10790
17067
1990
15685
5070
18117
3573
4654
6284
9154
7079
14383
1854
9464
999
2802
7998
2872
2862
18023
10783
16984
15713
15688
16663
13233
6496
4430
3
7018
17010
17938
14761
2750
9954
4961
1331
16401
16656
4397
14664
5439
5371
536
13662
8464
4301
11159
8655
3990
13619
1155
17066
14697
1243
10366
9127
17486
7623
3419
4825
1930
1673
17357
2121
11070
3416
14994
713
9182
13005
292
17095
9652
9147
12456
14217
232
3475
14568
7023
2342
468
14760
587
12119
8231
14972
1794
14646
8582
2780
2505
14945
10473
15723
238
2377
7035
13938
2958
12092
9045
16404
3800
5468
16387
3827
8417
7905
7083
4947
17030
7063
8798
3620
5360
12730
16168
12143
2001
1008
18218
6567
3648
3497
2400
10633
18280
3421
14999
18345
13560
14377
10380
18294
9277
8468
15598
16966
16172
4876
2939
17871
18240
7218
8287
3401
5991
3227
12409
2868
1774
234
15743
1239
12952
12187
7441
7973
6197
16761
13592
2844
5156
12729
15481
18243
1598
7359
15785
6852
361
12911
15615
3580
14852
13765
10042
14771
5697
2120
14039
8321
66
3432
11065
6155
18351
4178
4779
9015
11976
8309
5455
1196
3812
8019
4899
15067
1088
13837
15029
7130
9322
17236
14750
14124
6138
10045
4765
4746
10945
12468
724
16276
3226
2005
14590
7069
10427
528
3628
15572
12237
1535
11057
7757
6983
16518
4915
15476
5287
13612
11045
10841
15808
9205
7330
9243
14637
12096
4838
2036
2371
7313
1823
678
4612
14653
747
14698
7969
2424
10940
3224
14751
13768
8210
1409
18236
16662
14389
5852
1810
15343
10500
3005
6047
7645
13299
10558
10864
10665
8310
13186
9098
453
4244
5770
211
5708
15180
15880
14305
12742
6124
12955
807
9634
5772
14104
13769
16031
16512
8827
6001
15765
7098
3210
12019
15367
4040
9834
6318
7436
9808
3820
6663
4165
12022
4967
17354
14320
780
12719
6280
18181
12173
5185
1593
507
17453
18252
8595
4605
16033
3815
13929
9043
16832
7917
4153
4017
16651
4387
2391
14005
16429
9280
16171
8642
14251
4459
13956
145
1152
17492
4172
17075
1156
5727
14349
5913
8472
3783
4340
2437
817
14134
16287
11281
7202
15202
16748
15181
6394
7084
16685
11149
10911
4790
10850
12781
7114
15593
14194
9468
5546
16926
18072
8852
7919
10118
14092
12038
5358
8729
9712
3393
4643
13615
9845
12961
1820
18200
740
9877
8085
3696
5783
10094
9211
10892
13225
457
5004
9637
8059
11069
4270
1825
3755
18036
18201
12172
13406
7285
10153
10639
3263
18289
12054
14694
7464
6993
9367
15468
2241
1845
171
6956
5639
12272
2664
14968
717
18063
9369
9874
3229
10832
13162
9793
1226
17012
12180
6263
3146
7522
10627
12480
13219
1602
13411
1530
5804
2781
1166
10743
2423
16262
463
4737
6529
17078
10517
5146
12825
2367
5892
18140
1842
2697
17103
1307
15833
2875
6995
15469
16258
7653
2249
4516
17858
13872
10798
14464
5777
2366
5583
602
3790
10360
8248
17543
3694
9028
6681
1773
12190
14792
14648
7754
14493
10075
9064
9966
14691
2008
881
14330
15427
15992
4117
5133
363
9526
7288
8001
15901
629
7240
15457
9590
8823
673
16681
16918
13002
4995
7741
14507
8857
7378
3754
9092
7470
15472
4774
9310
1635
17947
15701
10641
7726
15295
7642
7987
11134
16435
4608
6101
7685
13222
14614
10745
1162
7984
8509
1246
16886
12025
9192
12355
16843
383
11997
12859
630
17076
243
7049
16985
17202
2800
15578
2422
15809
14969
1170
434
336
12838
14015
4749
16499
2511
2882
10925
7195
5761
10423
6149
1634
17890
16383
16187
18144
9068
15551
16362
5418
14973
2874
11071
13588
13251
10361
16961
10287
16561
206
8114
4375
11515
16983
1380
13608
4593
1664
2815
6871
2746
6634
6406
7013
9480
6661
12018
14752
7810
10628
1044
4164
8254
12798
14133
6227
7241
15329
7168
16010
14483
4990
2388
11939
9241
13211
16238
8581
4464
8646
3143
9772
13559
14765
14767
17537
2280
9484
16642
14009
4943
12692
843
4254
14332
16929
15454
829
14508
2932
16367
17526
6125
16166
12739
10599
5009
16405
14503
4011
4465
3111
6005
12185
5357
9296
13932
8516
4645
4156
4316
6119
2012
4169
8253
3298
4940
779
10205
15698
15807
8448
7103
17246
17256
14487
12000
1118
7217
17469
10797
17350
6589
2814
3235
15855
13429
17546
10838
9563
12470
8607
2156
12224
6023
5618
2680
1532
3766
5995
9570
7771
5147
8453
15482
2740
12010
15574
16235
17939
2801
12029
11922
14239
17028
289
552
14513
5582
10218
17104
15908
16593
7291
10017
18190
2444
15746
7164
981
15788
6329
1240
2379
15756
3163
1929
14066
12152
9351
9762
10779
7283
5446
12222
16198
607
13598
7319
2355
8283
17883
10625
10381
10041
1095
16667
789
17109
12892
12181
3334
235
9945
9843
2658
985
12358
9047
6604
4410
5167
3957
7916
13315
3762
2264
1811
14644
2256
12326
13214
4027
3373
12295
16924
1223
13813
10463
18358
8504
9475
6075
12329
6008
15757
14019
719
5473
6321
7203
9373
13421
10518
5895
9759
8880
6430
7534
12735
8311
1629
4045
68
15998
4230
13295
8359
3266
10244
3577
9744
18126
7540
9149
250
9031
3609
5571
876
9057
5206
8678
5292
15830
16399
10154
5765
14482
10796
2470
5543
1141
2361
2713
13810
14548
4897
9006
14004
8633
10282
18168
13651
6839
9371
16725
11959
15774
9125
7532
22
7797
9538
10944
907
17822
1145
7982
8615
12032
10114
12271
775
16130
14762
18361
10656
13909
5752
12919
10298
17805
16954
11084
8641
17257
12891
2881
17325
15365
4190
7075
11089
1837
8901
8347
6708
12785
12297
6709
867
2024
3949
5686
12043
9466
3582
15540
2312
17305
8650
11157
4772
2867
7700
17884
16804
7521
4616
6713
6218
12711
15983
8078
8972
3536
9088
13673
8593
1406
13747
15357
9305
12296
18360
12923
293
826
7625
7361
9655
447
6873
4246
455
16618
10080
14727
3988
7789
7533
1067
2291
6203
9959
14677
13009
17889
1225
3833
7497
17850
14604
5522
16877
3775
11132
14620
13330
3596
10660
15541
17518
217
10540
18097
4251
5374
6055
2441
7100
10552
2806
5646
9336
6655
7227
14447
17260
12266
10472
8214
6222
15573
9896
3232
18226
16645
5935
5372
4766
4206
7375
541
10937
10032
8767
5553
3251
8783
10664
10432
11966
13548
6716
254
12448
18012
14147
5450
8890
10348
12450
3188
12715
4
5638
1323
9137
2836
13814
5531
113
2928
3688
2393
16402
8613
7064
10437
2628
13739
16006
6647
15745
3665
18163
9835
14208
17029
8461
11014
1219
679
16434
14957
10403
15526
15543
2516
9406
10043
17077
17299
8485
17485
4971
18122
16794
9941
15123
9947
9654
7964
5725
7656
173
2345
11633
11904
10642
183
9009
1231
7777
7872
2775
13888
5025
12710
8756
2820
3904
3363
15588
16828
16430
5
7737
7495
8547
1201
5519
16960
3422
16467
14130
8913
12976
17940
4317
15045
8873
1631
5480
16986
10629
14453
10936
3848
15425
2567
16716
15161
8946
4030
14946
6827
15220
6475
10571
9
2023
4440
3476
10306
16999
2743
7082
16784
14279
16738
5540
4170
17307
790
17468
12441
15226
16942
14640
4579
14774
6953
15345
7232
7417
17821
6824
720
5282
14942
10307
2175
15505
9810
8533
5866
12291
9714
16094
5502
17818
2682
15915
16747
10460
17178
703
18019
8630
4584
2845
10202
1747
1567
2020
5382
12227
3335
15013
4918
7223
3601
1622
2748
407
13862
3950
9788
9789
9000
12805
7216
14622
15731
3574
17817
9751
2779
13633
5396
6359
846
8471
10236
8914
5471
788
13594
10543
3851
10946
15064
9150
17456
553
2452
2661
14186
6078
5906
1318
12401
9561
10672
3391
3847
6714
13627
7204
4129
7580
4166
8605
15198
5300
6060
6031
7721
15878
3152
15859
2100
2592
3517
10414
14923
5500
858
9802
15495
12354
12118
15548
10179
4923
6424
11189
17878
15772
11154
6421
16003
15686
614
8740
7008
16550
2196
5414
7979
2462
12847
7502
15782
9627
4652
15627
17177
17251
9666
12315
9237
7703
6587
18099
13801
14480
16400
14484
16462
4788
4999
6527
1917
135
7192
2323
9946
15035
5059
14598
18292
16576
14132
17541
10343
13231
3781
14651
5017
7814
14090
17217
6116
16939
16723
14754
1168
14745
4215
2006
4377
6687
7812
1360
226
6573
14807
1590
10589
10794
4037
3782
6789
17353
10382
2376
9624
2863
7282
14532
4730
8895
7557
12841
7369
4173
14501
6154
10468
2427
4093
11888
14108
11004
3831
10319
4474
17219
18290
1991
9840
8831
5483
237
9564
1587
16030
4386
6157
6990
4235
10551
6307
13964
18253
12161
9102
17174
10363
13681
18048
14476
9831
12163
7435
14096
6283
15980
1562
6111
10429
14012
3196
13890
13275
2051
4483
7157
8904
14459
14491
5057
2396
13242
14904
8886
364
10910
1840
4742
17147
481
2485
12041
10772
16727
14263
979
11052
8674
11073
435
4076
12759
12383
4083
4364
10242
4657
3647
10646
10207
4777
8966
15527
16825
13370
10058
9033
15873
17476
14048
4095
2395
5297
5034
14506
16472
2340
17001
4380
7160
4197
13331
2306
8879
9376
16266
15478
4748
12676
3154
1997
10217
12298
14249
7980
371
10675
8535
330
3772
10836
8015
7392
4775
15511
17252
16288
9758
14237
3578
9838
9295
4102
9256
10934
5792
18291
13928
14370
6037
7999
10755
10459
12443
6004
2482
3986
3254
6427
11019
10401
9381
12004
14366
3595
17540
14860
14976
5000
9321
954
8419
14058
6602
2930
1064
9913
11634
2412
15324
3151
16948
8332
13014
5931
480
6506
11356
5472
4506
12276
7073
8963
3838
16426
15190
10919
17315
12459
17272
794
15163
6314
12910
11927
3265
3699
16950
15479
3523
17901
4784
7200
11967
595
6820
5994
1922
10220
11585
5547
2648
2830
6525
2883
4315
8794
4072
15832
8232
5668
14492
6290
10072
2587
2646
14236
18309
4183
9786
11661
5699
16308
1690
9083
10559
4062
4250
7434
15710
8549
6440
591
9157
4065
2640
16831
16912
15429
18044
3246
14863
4582
16450
17017
3340
12259
9638
10526
1999
5052
2273
13840
15480
14769
10918
4858
13663
728
13407
7517
5685
6081
4966
209
3832
18123
6779
12040
11156
13841
13310
10228
12262
9368
15769
5698
7483
18364
432
10375
14053
17308
11990
5934
5368
12837
16636
9002
17859
1941
11174
5253
9862
714
8340
2348
136
12149
10060
14297
6664
7116
14063
18312
5384
4008
1403
13415
4262
10304
13963
1248
10775
17110
15591
10115
10279
14245
5310
13549
13611
12464
8469
6799
2163
12842
17477
550
16809
17112
16981
1868
16898
14478
10435
4426
11297
10112
12061
9628
2360
16473
4648
13910
13806
735
11021
10354
3753
8750
6389
9912
15206
14980
2471
5387
7736
14190
3774
9477
3767
5464
1204
9344
2627
14
11060
3247
9095
433
522
14959
1925
7467
4423
9067
8545
7873
14129
7654
17264
9542
9750
12893
3327
15191
2870
6598
4856
3252
17473
15397
15134
2037
15613
3181
17898
14017
15117
9046
6000
3145
18346
5707
2967
12375
15690
5433
17522
1633
9089
18335
16259
12314
1625
4935
2960
6252
5344
5121
310
12724
7701
1359
14921
10324
11319
8329
6114
15001
14649
14197
6688
14955
12975
17271
11015
15473
11344
6159
4020
4255
14909
13924
10603
2007
17105
15396
16000
7885
12956
10600
5154
4223
18350
4763
2950
7518
6794
610
4468
4155
15350
162
7132
2378
6160
17857
18264
5990
604
16065
9860
15108
14912
12898
436
360
10844
3743
6673
18080
12060
14111
10065
15227
1838
16527
4242
12462
10464
11991
12
4898
17220
17981
6086
17349
12639
1826
8841
6255
4305
14893
8212
16427
1569
15354
6187
15477
10061
5710
15132
8120
4496
8243
14650
5197
6133
16005
17237
4226
5388
1581
18068
7320
4336
4793
17283
8105
14356
14337
10346
10170
8848
9453
3788
16841
10369
2688
1115
13282
15208
7629
16330
9080
13984
3723
16980
1601
10754
5904
4047
12117
1013
14022
1778
1376
18334
10546
4378
3690
6364
3726
14676
2504
15776
4298
5624
17915
17083
6061
16323
7185
592
1931
15109
15342
7430
14538
14388
10290
5341
12107
17080
17924
14201
2534
2458
15032
13284
3345
9141
18078
15874
15361
16888
21
5570
6479
16827
10846
14126
13939
13326
13882
2579
14512
2335
12958
2496
7699
2282
7852
4256
5131
8891
10191
7817
847
13056
10871
15340
12421
6417
14597
8911
15754
10044
16559
10095
17351
6646
12028
7356
9304
9943
3190
12852
2769
8192
9713
12432
14169
6666
6140
16368
8973
16657
2968
3332
11905
4048
13300
17022
15748
2286
11298
16978
4253
3237
5622
3253
13876
14250
18344
2161
10747
5813
395
14755
2819
3836
11587
2585
2253
16194
16941
4497
13831
15356
5114
531
2772
7650
9247
5947
16648
7956
10442
10419
10158
2512
524
8249
4888
2244
7708
3592
14373
2426
12849
17074
9829
14381
8626
12981
17356
5443
3700
13762
15112
2684
6704
5538
13834
4043
7762
6652
7566
8497
5419
9999
14678
14690
10549
13223
2149
9144
13550
8828
8548
13966
1848
15696
9290
17990
13623
8109
2776
15583
6650
2659
16196
469
13832
7205
2565
5182
17092
9392
8866
17544
4154
10824
15909
1165
15390
2039
13701
10311
12011
139
10456
6109
15700
12093
13209
4602
12447
1614
9011
4393
4263
1847
15793
12289
10441
10471
14638
3361
10773
3658
8335
6807
5948
1379
3813
13055
17340
6560
16715
8790
2905
16842
625
8351
17993
10547
3686
9644
8635
9543
12722
13297
4136
6561
11971
16943
16952
1321
6571
10537
15025
18238
16753
12720
17039
8697
6115
12669
1163
6204
16787
8617
6972
7010
5327
2235
16790
3197
1916
6150
14851
3131
9737
5186
12094
15582
15717
11161
14224
16633
776
15012
5377
4500
2061
488
17987
12440
2507
6129
2569
8524
7881
17181
15105
5507
15313
9984
13371
18249
14797
3171
17031
1111
1031
15229
9595
15408
4418
10763
4891
4181
4368
15203
14252
10314
16781
15011
10531
14457
2382
7074
5759
14267
2588
5456
11943
12228
9155
1756
17474
228
1632
287
6959
17989
15118
14461
10399
10762
3581
15184
6676
7026
7705
869
10405
17108
8814
9013
13064
10953
5330
2310
2278
6439
13060
5379
3276
16786
8510
5284
882
14905
14600
489
3739
11164
16273
9836
12416
4126
9356
1161
2768
10863
16869
17087
6211
5527
1821
17528
6379
7767
8554
16145
2637
97
5880
3331
1205
4655
10483
17018
13636
13417
2785
16729
10245
15320
4955
14463
5719
1758
1561
14647
10089
8526
12736
297
1549
14193
14908
8681
18237
7967
492
4009
1987
13574
16285
11466
12130
3407
10195
7870
3613
1369
3255
14954
15584
9940
16552
14205
15245
2861
12042
17258
15715
12184
13989
9916
18340
3009
4938
15238
1846
1768
3825
12052
10038
8728
17304
16424
7054
8098
2852
7426
6994
3239
16459
8284
3300
14331
17129
5192
12305
9577
2013
7214
5916
8845
4912
819
13721
17240
6801
16077
16967
142
674
7914
17815
8627
5417
14488
7893
9248
9027
15903
16872
16739
781
4259
1809
8986
4177
12321
10931
18116
6398
5929
7225
15452
14187
7649
5946
1110
17254
8983
3153
3724
18255
10355
6003
13914
9626
17920
37
5581
2880
18355
17168
5666
14273
8079
17167
698
2463
4210
16558
8942
12829
14660
12718
12930
14861
10172
8916
16040
583
5204
8631
5449
11079
2667
7525
7314
16892
15988
15114
1005
14965
7431
13262
17011
8596
9710
10239
7562
8579
2879
13825
16339
8982
7101
8107
17992
7486
852
177
5293
2517
7730
15608
14723
3585
7612
6586
3225
17983
13937
14626
16116
5452
493
8765
13934
1003
5429
16271
14391
866
1620
15463
2561
13954
7845
8466
8289
3579
6057
13821
5421
7925
14978
6679
6633
14567
4311
3537
5481
16934
11108
14136
7415
12834
13987
7535
13665
10400
17259
11127
12115
7149
16397
15860
16088
10313
17866
4219
9438
219
4420
16449
3752
5760
1977
1440
9110
18169
1557
6854
2670
242
14967
1160
1199
16392
2405
17172
3294
12229
10379
7334
684
2234
15568
4910
1139
402
16257
16946
6107
18125
12449
8322
8257
4922
6188
11914
9795
2344
3366
16390
18203
14661
4028
13547
14465
358
11166
12455
7616
9010
9221
1180
17188
14026
7652
9354
2173
13889
14718
1833
409
17243
7676
2287
5996
2459
10601
16242
6684
7769
6403
9385
9547
4941
1233
9026
12731
16696
8902
17489
2316
13185
16469
122
14448
2398
10344
13945
17115
255
8513
17490
11086
1351
18167
1841
1238
12721
16852
1316
16575
16750
15051
7236
15228
908
4780
369
12318
4389
1346
15558
17309
5116
1042
10647
6292
5294
988
5979
16256
6221
17035
17275
322
13403
9807
8811
5457
15000
2410
16253
2791
9711
5954
16979
6429
16371
13815
16381
1200
208
4755
5412
4647
4120
3769
15244
7433
13293
13313
10309
6372
16407
9370
8325
778
6397
11145
2356
8575
7955
8167
8687
14350
6680
17073
4973
13722
2906
4113
7056
6337
16410
8551
6345
478
14684
2232
6644
9833
2248
15225
8279
7760
4044
12230
2364
17875
13224
7863
8616
9781
5488
16870
5642
4968
12075
17935
5190
13786
16441
8076
8244
6530
16243
14713
5542
12889
323
3115
15994
16358
15537
7627
15014
16737
8652
1314
17892
18157
9969
9349
705
16295
5453
10424
9470
6396
13807
14991
9051
4218
8619
12693
8317
15183
15297
17921
13950
10480
1236
6226
8592
18107
17318
10553
14472
10563
4778
6171
3551
9100
1241
4618
11120
14801
7587
12698
14339
16022
14911
14601
12034
4877
7053
14803
10196
1116
16771
9706
7189
9242
16772
1746
2941
5474
15798
14088
6071
10337
2399
15626
16719
1033
13163
12148
13808
17210
10247
7977
11023
2583
1378
13878
9206
738
13043
8676
16080
1684
12755
6313
3184
4458
6312
7971
8644
8086
723
9743
9850
4744
10591
15744
456
12050
338
7341
5993
4307
14607
14292
13018
2151
17100
9384
5637
1843
784
5428
9645
3296
15894
8950
15625
1604
13229
15484
14515
14115
10364
6308
5669
2729
248
7811
17917
4920
7776
4160
16808
3504
8858
12067
17127
9378
5515
3328
2770
12335
5667
2778
14109
1242
281
7315
12168
5753
5343
5150
15434
6991
17140
5280
15869
13908
4446
11992
3681
16990
18296
17300
12217
9437
8872
9329
2988
14772
10560
12740
17853
17941
5711
1572
2715
2686
15101
14145
8197
9032
12850
8242
9085
2718
3387
2052
2869
12783
16268
10588
8491
8074
3425
2784
15725
12659
5536
2408
9056
1096
603
12135
13944
6236
3687
16233
4211
13901
14586
5118
15811
5794
16805
5054
9915
14110
12997
13187
14052
9049
741
13387
4653
1799
5303
3948
2373
15819
16792
3667
6135
6038
7410
8235
6778
14188
16272
17119
5361
6267
16919
510
17868
3575
9537
7439
174
16554
18034
4592
11907
6411
10362
7395
6298
758
2546
4227
3342
8462
1942
12985
15814
7161
14858
2557
7089
1613
10111
5362
9956
13327
8580
15321
7790
9012
15831
3149
4275
1006
759
18005
12983
8903
14964
8947
12225
589
9023
8323
5850
8117
3404
9303
4441
4228
15395
13675
14668
5302
16408
5662
17882
15693
725
4100
13600
17218
2346
14671
11146
2318
17895
4367
5425
6035
3382
14302
14716
20
12362
2292
483
9460
15066
2301
14215
12696
151
6422
16896
6958
1776
11961
7660
6216
17201
12233
2254
16907
7343
5915
5053
1677
773
16502
4249
13047
10477
13733
15307
1202
161
15120
1410
4371
5786
13734
15714
7692
6193
6235
10943
5997
5652
17233
4135
3821
14574
7332
13958
15369
16232
3191
14473
14248
17102
4823
1853
10280
15510
406
12063
10155
16076
6862
2954
2987
10770
12943
12962
6520
10917
4521
3249
9238
2362
9576
5168
2547
18022
14624
8179
3642
10528
6178
730
5061
2795
4741
7210
7844
2949
7393
5298
7954
7739
99
14950
8489
1372
9883
12312
17082
7894
3374
15122
11155
10652
2446
12319
18308
6770
1049
17268
16032
8541
5999
9021
8115
16734
1923
12845
10321
3264
6853
12261
7662
1986
6766
11094
4475
16765
10670
1570
6715
7040
10913
9375
2357
7668
6409
6310
316
7619
1901
6793
6306
5426
17042
1672
15196
3956
864
12929
6382
6772
18027
1405
4123
5363
7615
14494
3386
9755
16447
4658
8482
10315
13805
7706
13059
12846
9276
12763
10938
12424
11921
16599
11969
9619
12664
7722
2165
18210
12732
7621
3725
762
15845
1344
13057
4586
16071
1034
10912
11899
13940
6153
4174
11135
16956
10842
2255
4134
2188
6206
6420
1539
13033
8474
5135
1667
6120
15764
8864
13204
13575
15597
9881
1227
3428
11013
2823
2568
10078
9895
14693
12886
3490
9465
2270
3784
15534
14348
17133
6281
1224
734
16333
9739
5422
3123
13835
13863
1089
18211
3203
5908
5986
6274
5005
707
7179
6123
9156
2290
2630
2325
9462
5521
12666
10031
5517
6315
1343
6426
3132
13243
5763
16002
4222
12848
8324
1800
5489
991
12408
8868
13425
283
16711
15631
15264
14390
7469
6437
17812
2624
14231
3770
9717
16714
13596
3906
16819
7440
13746
120
2476
16261
9524
8008
17195
4661
14372
6056
17328
13844
11325
8170
16752
6200
14576
14749
5704
10056
15020
16845
10216
1220
16612
8812
6181
10443
10760
15906
4296
6682
9942
10570
15623
12707
2771
5636
14535
6717
5949
1047
11937
4381
10926
9044
6476
13292
1807
4461
1924
7113
7781
14467
14510
10764
2455
8980
13184
2636
11139
17527
6834
1164
5664
15984
484
10861
8686
13866
9187
11968
7231
3786
366
252
6860
10914
18341
18150
3206
14154
17111
10511
2237
5545
6051
4110
3693
15987
5072
1247
10486
14247
17249
7723
7607
3735
7371
10671
12301
6432
2560
3757
2513
431
5886
15587
6812
7617
13751
6072
12009
3787
7423
2162
4770
5427
8793
253
4581
263
8108
6322
15068
9251
12269
1370
17079
2774
13016
16680
7284
9240
9319
10784
6293
13289
5164
577
178
3503
9324
18245
18115
7978
17837
7041
8875
3295
15072
14789
12402
9327
8751
5905
12888
5420
1578
285
10213
12473
7308
10922
2167
7020
16579
1364
10219
16332
298
739
7331
14200
9224
9278
1368
5551
1835
3365
15400
14282
11126
2343
15338
4662
14387
11332
127
7344
2186
5890
5359
16497
2349
13732
4957
13063
12281
768
15719
6373
3250
8602
7224
5775
16165
12734
16192
7696
15547
10387
8487
10761
2365
812
2387
16398
18282
11954
15087
15609
14044
4470
2129
13843
2544
1624
6025
16609
15848
16867
3182
7389
3010
17235
187
7349
17004
1037
1808
14546
10819
9353
17065
13392
15621
7379
7724
17192
17306
10582
3819
18199
15596
15797
14121
506
5381
13174
5738
1527
2488
14173
6388
14960
2054
3486
1167
14347
15172
1437
15982
1312
16785
18184
12439
9792
1085
6408
15421
15779
2062
5881
15453
8989
3761
6473
10156
9757
16302
6083
15682
820
13620
17457
13849
3390
16063
12231
17213
15223
6428
14940
17896
17164
6813
16562
6968
10749
7039
163
15065
6515
6782
6113
13664
7144
10235
16024
8479
8488
16937
6225
10222
6207
18141
15691
1600
2843
8785
547
5520
3807
15431
7912
16175
17846
16740
8459
16876
10064
15532
13632
12373
6785
2293
16072
2660
8550
9407
18246
10758
2409
15471
4656
7228
5451
13368
830
3201
6076
5907
14680
6370
2402
12189
1320
17170
118
15352
6569
5112
7780
6202
13818
1327
9949
11938
16549
13816
9139
9307
14641
11972
4884
7574
15166
1197
627
15216
179
1352
7494
9964
12796
3400
6328
17089
17096
4987
7088
5038
1798
10927
3763
15271
11018
14497
3388
7226
1766
10774
17329
15330
7719
15335
9306
18038
3608
4370
13178
8428
8271
606
9261
10765
7033
9803
27
16560
471
15272
10440
5494
4059
2515
3737
2644
4376
1325
1850
7960
18338
2935
14742
14469
1347
16976
13980
16670
213
10310
12330
4001
10327
15176
15722
6965
7350
4052
14051
3549
1027
12717
15358
12306
14323
1039
9288
8680
14886
14379
4303
6442
1002
1154
1362
8285
4086
14278
10449
244
13948
1038
13227
7196
13050
4398
6671
14269
15309
14228
14454
13183
2443
13301
16688
3530
5848
989
16369
15266
4379
4224
6273
10374
9747
9285
15844
1313
17238
3138
7201
7686
10782
6132
6317
4013
697
16936
8362
9505
10645
13648
7974
1158
9486
6374
10951
12263
12754
3697
8223
15815
14536
10210
4931
3471
3456
7556
9748
362
7187
13011
5534
2257
727
10342
7221
3532
5279
14357
16826
7758
13946
6371
17867
16143
8690
6637
15462
12374
770
15173
6838
2238
10605
8618
12704
6595
7541
782
1090
10751
990
3491
8305
6960
70
1068
9540
8964
3495
12778
9842
5535
1159
14183
14223
7125
2532
12641
2798
6505
9052
15231
7635
14392
16822
7842
482
6082
13886
16887
1441
212
14764
13017
4795
10015
540
16850
3014
15612
6311
9059
4485
4933
4042
18314
10330
16474
13692
2647
13652
11957
9754
3485
17355
5141
16913
10638
17225
15174
7354
9016
2995
9473
1345
7713
15726
12141
16895
10086
11623
7071
6483
7027
14621
5694
4060
16996
12417
18295
5166
9873
5647
14471
14355
14238
8470
16335
4306
10933
4167
13296
4216
15991
9643
2631
10347
8280
17026
3518
18007
8566
9265
9592
7573
16874
2617
5278
15178
3343
5903
7012
1628
9433
8968
525
18202
6093
17287
3453
10916
2363
15854
3521
7476
701
6296
7490
9038
1791
1157
10655
6989
8306
12307
16200
3177
6368
13294
17888
3480
2236
13034
12327
18010
467
16167
15553
18257
13177
6705
5548
1004
14050
12466
1612
13789
555
2822
1328
15362
1793
13161
3176
3520
4642
5634
18230
13546
18004
14859
1682
3989
7504
15557
17317
12931
10411
17203
13618
1007
16325
6128
4225
9007
14475
11999
2050
5458
8538
8870
8429
6117
14498
4646
4754
4194
9586
300
7731
9350
17321
13283
3691
14854
10029
9875
17985
2097
5306
14485
5544
16361
7138
3534
5296
14628
3261
14468
3792
9041
8608
11088
10071
2662
4787
17946
10583
17189
13923
2632
15913
3113
4171
17491
16932
9355
7485
17916
12178
2728
18248
6718
3826
2010
13308
5635
6814
18076
2678
9374
6585
10947
3207
1414
1989
2837
2274
1650
13288
12349
6572
17247
14087
3383
16899
10837
9927
14056
133
5812
5677
7678
3835
1402
12369
980
3668
6299
11586
14679
14616
2350
6516
17090
9222
16255
6833
8171
18250
4061
15805
10746
13877
12894
18247
1421
5356
16920
8543
4508
16322
5847
12738
4064
8774
13329
5514
7680
5648
9398
5067
13685
3959
15697
16075
8080
10839
17244
15507
9325
9159
18094
6161
2004
8835
15409
5365
7897
3469
486
7529
186
8219
7492
7850
14511
3248
16637
8960
15423
7528
14537
4919
15442
9783
12303
17338
15775
2178
3644
10398
4580
12294
8507
16701
4118
17097
1026
10557
1206
9253
15817
2359
15096
8180
8110
4024
9562
1640
11288
736
5556
203
1918
449
11087
1830
15461
8452
445
18298
2727
508
8208
1817
1644
4281
17484
13763
10792
5153
9005
8082
11044
10234
1603
13599
15460
8843
15861
6270
282
454
17183
5136
8578
8213
6074
12167
16363
9571
16470
10860
1538
833
1796
16140
4395
18336
2155
3492
16679
13065
15704
15205
749
3155
505
6
8228
7180
1043
7143
10585
9259
7770
12360
3765
3496
17539
12640
10545
6656
9338
7233
16677
14455
15010
14093
17128
6837
5364
6205
17086
1212
4039
15491
12430
5380
8688
8878
8354
15475
13576
5345
12160
12164
8591
5411
10096
6214
448
13246
2945
6819
14367
13959
8874
2965
14077
7584
8952
6127
14489
16012
17234
12988
2048
1391
5555
4119
2246
5430
8803
8988
15841
9738
2148
15592
8808
13040
1092
10674
10640
17851
1953
16060
1066
7414
13960
15544
5857
7628
6258
10867
8411
1790
18009
15981
16689
2233
4382
4407
12934
10952
16163
5658
4904
13332
3554
14795
10854
144
1054
9921
1754
16801
10422
3785
2562
4975
2871
17495
16910
7042
14499
15296
11116
763
3955
1921
18096
4278
16334
9456
2352
6658
15866
14589
8844
308
14949
4942
13298
15426
2128
16608
9257
5575
1390
17114
305
10830
7677
9742
3270
6015
15404
3481
12853
7728
12361
17091
15456
11067
14941
14974
5063
7697
14663
6967
9620
539
6158
6651
14642
12733
13274
13812
3747
13597
6208
14810
3533
3810
7479
17228
5013
12458
15119
11075
12971
1218
6404
12471
7907
15106
134
7687
7383
265
5211
7542
9575
7396
4066
14944
6711
12325
18216
1097
14592
10929
8343
14399
16856
17535
2247
12290
6006
13798
4335
14744
6279
16846
14509
13833
7809
9358
6707
15103
6963
17840
9848
5199
16123
588
3156
17327
675
10413
10397
14543
16634
10088
17107
17471
13672
8822
7768
6480
10057
8344
4038
5657
4740
11635
6596
16336
17326
12433
123
18065
1873
10225
13044
4372
13902
16930
12270
15694
6068
10550
499
12665
8486
6674
258
14207
14324
18067
7085
6405
601
14243
15699
6237
2469
1
7237
12457
9799
14374
4085
4341
4422
14378
3852
15432
9749
13062
2732
7595
12682
2751
1408
9269
16713
17250
5290
17224
9279
3865
1032
8318
1981
8583
7655
12300
14630
6584
12177
6562
3692
4067
11926
7365
15217
2773
10326
605
2279
1361
9451
5552
14346
5434
8685
4019
4930
367
8431
10527
9058
3004
13788
11936
7047
10789
18045
14371
16191
743
3178
12995
7926
1913
10956
2689
8198
1669
14144
2859
17925
11081
1824
10530
9158
8490
15742
9298
6836
10950
7855
3576
8909
10281
10312
9301
8245
17823
2353
16117
8057
7471
15876
16304
3148
16409
14903
5568
9736
9510
5585
16806
10667
5714
5987
3845
14958
8796
518
4776
15813
4499
12951
17038
6659
15768
14369
12437
249
4374
5339
2964
9782
16147
12003
2886
14043
16514
5918
8274
2095
16366
5989
5056
6952
10778
2543
12965
6223
9116
14085
11091
2509
3981
7743
6767
10942
8821
3110
3367
3814
16391
13703
2712
4373
13160
7544
12926
9894
7997
7514
3484
14652
2842
15816
14971
10157
220
10810
16904
4186
11092
3789
18070
13249
16078
14135
15508
10575
7913
5289
6500
5573
9294
1902
13602
748
16788
5537
4125
9740
15501
16893
15629
787
12702
373
7560
5165
14602
13312
13400
5653
1009
17885
1306
8193
12197
3806
10561
13389
16169
16183
3972
4509
857
9148
13166
2578
12242
3678
800
10425
14402
6034
2268
10349
16011
7927
12716
16089
2876
16079
13955
4304
11140
17084
8915
3626
15344
7729
12418
16074
16905
18041
13286
13871
7888
18281
13809
12234
15989
13240
5564
3649
9352
10653
9741
4660
14119
14151
12791
6152
9962
15113
9334
15131
17162
1101
10939
16186
16853
16957
6632
10626
14075
4948
14290
14556
10676
100
147
11141
3473
8412
18046
6363
17072
10277
10278
9820
15368
4361
14768
1308
6170
8632
17903
609
527
6795
14910
4827
165
10090
613
6508
6816
8222
2467
15847
17171
14244
18284
16263
1867
103
9944
9476
4133
17094
4409
1584
15470
16597
9292
15028
10
12723
7311
12752
4985
4513
2403
5482
4388
6835
7693
5163
8927
15724
1399
17131
14013
1813
2810
1666
8203
11908
16384
10007
14596
6383
1529
4887
16446
13767
14615
13239
4953
13181
7067
18357
14766
16004
124
15821
14696
4308
14380
4610
9553
10920
12758
731
11012
13792
459
5506
3124
5492
7345
16709
885
16795
15440
15787
8447
5216
5479
17024
9467
3610
15786
17014
7764
7896
1317
13898
14550
9622
16935
6433
9112
992
15492
15567
4892
3305
9898
14479
2986
13238
148
8113
16987
4272
16436
18261
15430
15019
9262
7333
16728
3306
17015
14490
13376
17872
7387
8677
9254
5940
3189
14610
14125
1641
1150
11130
