2047
1952
3072
2298
1213
1619
2542
2545
231
1375
3099
2733
317
1498
875
696
1263
3119
2326
2618
1777
3403
1393
2556
3499
89
1324
1172
512
504
2975
2575
2277
2894
1091
2094
3144
3698
929
2431
3839
2797
1022
1695
2558
2322
2099
3857
2372
102
104
2816
2390
1862
3208
2873
744
2296
2311
872
611
515
1652
1735
1933
3548
2706
520
3756
3193
1670
196
3213
1898
1222
2946
3493
2223
3799
2506
1687
3355
3212
1098
2093
3185
2969
1272
348
2650
157
1511
3194
3539
3440
3632
3006
2831
3174
2972
246
2976
1749
1858
2285
1129
2723
3218
2131
3439
3028
2126
1753
700
871
3341
202
1750
628
1541
3395
1367
793
1106
1723
1617
1188
1446
2971
894
1192
3685
3260
3652
42
2041
3738
932
1071
2652
1595
222
2042
3173
1427
3012
3543
596
849
1957
3777
3546
1759
2559
890
3003
3500
2067
1269
3655
1950
509
947
1611
3744
1479
2977
3122
1769
660
1894
1886
897
2804
3015
777
3311
2019
1887
1740
2265
3330
2919
3160
1143
1819
192
2081
3482
891
695
3444
3091
240
1971
2160
2170
3759
3474
816
3036
1309
1322
1319
1700
3623
3117
1885
1040
848
3313
3285
294
3541
903
1425
1065
3141
791
3312
35
2978
2486
619
3651
3238
2857
1285
1489
3853
1509
1689
57
3310
1407
2195
172
1084
2164
1151
626
3205
224
3392
3519
1618
1194
405
2113
3376
2440
886
3414
3214
114
2503
3834
43
2447
1556
2418
565
3304
1216
2027
3449
2063
1455
286
1281
241
2725
169
3442
2498
2551
121
2933
2783
808
2947
2481
2934
141
2902
1079
3125
2651
1287
3175
1757
1012
2884
1124
721
3817
3778
2152
2436
3002
2629
549
218
914
1967
1117
2193
1075
2106
3082
2429
3509
3612
2833
2302
2824
1244
2000
2720
2572
1128
1636
149
2303
497
3603
2319
1714
1895
1480
2519
1179
2866
542
1463
3059
3094
1445
115
2940
1998
801
1731
938
1174
3415
264
3359
1655
2916
155
3299
1496
1680
3506
3701
3057
2979
321
2952
1187
2821
1660
1190
2805
2383
1654
2331
2014
2445
3368
2571
3090
3840
3350
3278
3477
101
3483
1964
608
3037
2765
3448
441
3243
2570
2604
1512
3060
210
3721
2709
33
3186
2878
2563
1011
91
548
517
811
2122
3220
3016
1589
916
3370
2205
1411
2465
1112
2961
3354
1594
1514
1371
3622
2132
2243
599
378
2501
905
685
3531
2435
3134
2786
233
143
1426
1947
1413
78
2207
1702
3063
3779
2480
2199
153
2369
180
1046
2531
1733
1736
1502
1522
1638
3650
1884
1806
1147
41
3150
786
3303
1237
551
67
3288
1596
2133
3741
146
944
901
771
892
3745
2091
2951
1615
3682
2208
2974
2330
3371
3147
2421
3001
3032
3166
1178
3302
502
1805
3348
3524
3071
1568
3505
1649
3364
1404
2500
3433
195
2104
1030
1772
1420
561
2394
1252
2454
3768
3431
3051
2607
1827
600
564
2573
3494
1398
2999
1021
1424
2057
3544
3828
7
2069
251
2653
850
1385
1113
3121
1889
1087
2841
2055
2487
1374
521
2464
3142
3545
2056
3823
3657
1282
3720
2638
3689
1725
974
3133
1035
3489
2605
46
802
3630
3818
3073
1017
1780
2324
742
1373
3600
2671
119
1169
1508
772
214
1381
1221
575
2333
1685
3809
909
2096
2059
3639
1984
1966
1599
3804
204
3670
309
3195
1288
3035
546
1943
1482
1988
1564
3611
3437
2300
107
3487
1676
3114
3108
312
2922
883
2963
3837
2985
3717
490
2473
1069
3267
2937
513
3074
2049
1311
3192
359
1153
1883
500
3673
2681
1576
3460
1010
3053
3394
913
36
2722
2263
1397
159
3803
3662
315
501
3418
3135
2622
3547
259
2035
544
3078
2764
3427
1637
3733
1592
1388
1865
3324
1896
1126
2991
205
1203
1785
1839
3204
535
2154
2601
1691
868
1582
2929
1734
590
1528
965
1412
984
2703
1053
2174
2793
851
1990
3050
999
2552
2802
2872
662
3638
3
349
1253
3101
354
536
296
1155
2495
1243
81
2920
2295
1132
2489
3419
1673
3416
3712
972
2497
1298
2780
2505
2834
238
2377
2758
3455
3854
2958
1781
85
3827
933
2782
2001
1008
3648
3421
1494
3062
2939
3401
2868
1774
2158
815
1239
2844
129
3198
2564
1598
361
2120
66
2716
3432
112
1478
184
182
1196
1497
3812
1336
28
1088
2955
44
2731
1270
1460
572
3226
537
1131
3323
528
3329
1535
2921
1105
1755
2036
2371
543
1499
2424
3224
1876
1409
1647
3013
1810
3005
3318
2218
211
807
1737
1932
2609
1267
3210
2046
2329
3615
1050
1384
2707
1593
636
3815
3420
2391
2171
3102
2309
145
3742
1152
1156
3783
2437
817
2479
2813
3393
1662
1173
1825
710
1394
3263
2923
3162
805
2241
2281
171
2690
1491
3080
3079
2664
86
1195
1728
1226
3146
3434
1602
1530
1979
1166
2423
2788
2077
3084
888
2109
1842
2697
514
2366
602
3790
3694
1773
2809
2008
881
1542
1249
363
3794
3128
1020
3754
1635
659
2623
3018
1935
130
2015
1162
1246
3179
2428
243
579
2422
51
1170
434
1643
2511
3109
2294
1634
342
1503
1018
2874
95
1475
1705
2297
1706
2221
206
1464
1664
2058
2901
1044
2502
930
1177
3143
3130
2280
2434
3677
1849
2932
1182
3111
616
3301
3656
1436
2012
301
2108
1148
2156
2680
1532
3766
2801
2530
289
552
39
3172
2189
3259
1724
2305
2230
1240
2379
3163
1929
83
607
2355
702
1095
789
3334
235
985
2612
2456
2264
2256
3373
215
2796
719
1181
2119
1903
3748
823
1992
3107
2468
3266
3463
250
3609
1467
516
2134
1276
2361
2713
906
128
22
907
1145
597
1235
3360
1837
1743
867
3633
2031
3582
2312
937
2115
2867
1443
2633
1019
3536
2075
2086
1406
293
3033
939
239
1681
1067
2291
3833
3161
1477
821
3775
2600
1653
2998
2990
1938
2441
3211
2806
3232
1822
541
254
526
3188
1086
2425
1323
2836
3126
106
3043
2628
3665
1286
2202
125
84
1219
2516
529
2953
3501
3100
2003
1357
1555
183
3727
1229
1231
3614
2775
3116
2820
1524
3137
5
1201
967
3422
2598
3793
1631
2439
3183
69
2023
3075
3476
303
2743
3055
790
1560
720
2175
440
2682
703
1214
2845
1567
3601
1622
407
3619
3661
2779
3426
3851
1444
2432
553
2452
2661
1936
3847
767
1779
3140
3152
2213
2009
2100
1395
858
3048
1996
3362
2196
2994
64
135
2323
3844
1428
3669
3781
884
299
1168
2006
1360
132
226
2376
2863
2427
2272
3831
2102
1764
237
1972
430
1804
2603
1562
2596
3196
2613
2051
1234
935
1014
1879
2271
2485
2242
274
3683
3044
3020
704
2526
3647
2818
1863
761
576
1422
2340
1928
3356
3154
1997
371
1114
2187
2079
3209
3578
1184
2523
2070
1295
2864
3158
532
3595
1189
2930
1064
3187
3151
2656
3838
1209
3245
794
94
3265
3699
1108
1510
595
352
2830
3417
1712
1690
2992
3424
591
2702
3246
3046
1548
3340
621
2107
3645
1025
2273
1621
2252
554
24
2087
1675
209
3200
3832
3030
1176
3139
2228
136
3740
1403
3120
1248
699
598
550
1868
2360
3753
2471
3767
1204
3291
2627
3247
375
522
3516
612
3402
519
1783
3327
2870
1765
3773
2037
3181
3145
1175
117
3289
2967
1880
1625
2960
2192
310
284
1683
351
2007
38
1146
1956
2950
162
2378
150
2150
360
3743
1540
12
2194
1597
3679
2030
1826
1569
1264
3167
2092
1678
3026
1581
615
2956
2970
3788
189
2688
1115
2549
167
2179
3723
1601
3070
2910
40
1013
1778
109
3690
2504
207
757
1931
2182
3776
2534
2458
3217
3088
2825
21
2579
2335
3640
847
2925
3674
2490
1492
2983
1326
3190
1730
2769
2508
1948
2794
1439
2968
1890
3058
3253
2161
3842
2911
3636
2819
3836
1501
2253
2032
531
2453
2772
2593
524
3098
3488
2426
3093
2936
3700
3056
1761
1433
2149
1848
3064
2147
2917
2776
1149
3039
1869
2659
2565
1400
1165
2039
164
1614
2025
2112
1847
2913
3361
3813
2907
2905
625
2931
3686
302
1294
3262
764
2620
273
111
3164
2066
3625
1321
2231
2927
3157
1727
1163
3197
1909
2090
3131
318
2507
2569
2088
3346
3171
1111
3103
2433
2382
2554
191
1756
228
2669
287
198
2018
3581
63
869
2310
1059
3435
3750
882
489
3739
1161
3083
1029
2730
1760
2721
810
2637
1423
188
3684
97
1205
2785
170
2980
1758
1561
1045
297
1616
3802
3635
223
1136
3758
2861
2962
1060
2767
3009
3825
181
3061
1292
3300
87
1386
1661
2013
819
1251
1609
1183
694
1721
2214
3646
1110
193
3153
2654
37
88
698
2463
2734
583
1278
1526
986
2667
221
2879
1951
852
3664
177
3202
3225
1003
1250
2635
1620
3069
2828
3537
3219
11
3719
2076
1623
689
3752
1748
2826
26
1440
2670
242
1137
3052
1160
1199
2938
3294
684
2234
1139
1289
402
1553
2908
962
3375
1507
3169
3366
1646
3027
225
3459
1180
523
2173
2717
2211
3718
1642
1833
3352
2299
900
77
2200
1534
2316
122
2807
255
624
2029
1841
1238
1316
3049
813
3438
3118
1042
1882
2089
73
534
322
2760
2791
3097
2220
3515
1763
1200
208
3215
3769
1277
2135
2232
2634
2364
3760
1434
3309
3115
1051
3339
3222
1401
3234
1739
3605
2611
1456
751
29
1116
1746
2941
1968
3022
311
2084
1684
3184
1639
723
2151
2011
2527
1604
1954
2729
2153
3034
1926
940
3676
3504
3468
2770
3858
1242
31
98
1048
343
3681
1834
2988
1015
2737
2989
1648
1062
1186
1572
2715
2686
1906
2718
2869
3425
82
2784
2719
1686
2408
1096
603
2065
3687
3095
2116
23
390
1799
3479
3462
510
2083
174
758
2546
1942
1651
1551
1699
3722
557
1613
3149
2438
1752
1006
1061
1697
3077
2608
1284
3047
725
3382
20
2484
3068
1945
1776
2327
2254
942
1677
773
1860
3038
2817
1476
1202
161
1645
1410
3221
3512
1605
2625
15
3821
2738
3085
3191
2827
406
2954
2987
795
2846
3249
2621
2547
3065
3642
730
2209
2795
3180
2949
99
1372
2885
1418
3286
2341
2865
2446
571
2912
247
3264
2227
1986
2269
1232
2357
3096
1866
3024
1718
2900
316
814
3538
1672
533
1405
973
2430
762
3751
1034
538
2188
1539
809
1024
1301
2823
1470
2568
3490
2270
3040
3824
3784
2982
1224
734
495
3123
2668
3203
2203
1495
2290
2803
2630
2325
392
2442
2849
3132
3284
53
968
283
1552
2829
2624
1299
3714
120
1818
1104
1220
2550
2771
2948
1047
3223
582
1717
3713
2455
2636
902
1164
950
429
1836
366
71
3206
2237
1419
1474
2002
2726
245
3693
934
1871
3735
2560
3757
431
194
1961
1703
2162
263
1784
2493
511
1370
2774
671
941
3000
350
3054
3503
344
2146
3295
2123
2533
1578
285
558
3112
1364
853
2984
298
92
739
1368
2038
1835
2724
2343
3584
1940
127
3086
2186
2349
76
768
3795
3250
2384
1716
319
812
893
2387
2129
2544
3182
2973
3010
187
1037
1808
1771
3634
3216
2159
1788
3136
1527
2488
3486
1167
3307
1312
260
1085
131
2062
3761
618
1144
545
820
3390
2176
1461
634
1946
1262
2606
3372
272
3023
1993
1600
547
670
3041
3807
1493
2293
975
2660
2409
3201
1320
2180
118
382
3704
3666
2943
1197
627
179
3400
1798
3763
3165
1766
2275
1767
3258
1729
606
2735
2198
1432
1505
1698
1473
2792
1732
2515
1325
1850
1738
2935
213
320
1751
1027
769
1039
1154
1362
3277
1038
80
1711
1392
2443
3730
3530
1504
2138
3138
697
1158
62
3019
362
1546
727
3532
2201
2981
55
1451
2177
766
770
578
1090
3491
70
1068
3066
1109
687
1159
2532
2798
212
540
3014
1274
3089
3798
3485
3042
2555
199
3129
498
2995
1864
1665
889
1279
1627
2631
190
3660
3127
2118
3316
3343
1628
1230
525
3170
2375
3308
3521
701
1791
400
1157
197
3177
2942
3480
2236
1300
60
3436
2044
1429
1004
1937
1612
1334
555
2822
3736
3176
3520
2266
1296
1682
1028
1007
860
2050
3282
1506
300
3691
2097
3792
2632
3113
2728
3826
2736
2010
1365
2449
52
1396
3207
1414
1989
2837
2274
1650
1544
266
574
133
3835
1402
1275
3011
1245
2466
2350
2808
3510
1421
166
1171
1525
1533
2004
1580
186
3637
3092
1133
3749
2178
1026
2225
3791
1206
2359
1640
736
1135
203
3240
2727
1481
1103
508
1817
1719
3511
2966
1644
1626
3081
1973
1261
1969
1500
1603
282
568
946
1796
1466
93
2155
749
3155
6
652
1043
3106
3765
3496
2140
2181
1207
859
2673
1430
1904
448
2945
862
74
2965
1417
2649
2048
1435
1515
1092
2022
1550
3319
1198
47
90
227
2016
1910
45
144
2197
1054
2028
1754
3785
2562
2332
2871
54
763
2216
1704
308
2136
2128
2260
3746
620
1390
3008
1521
3481
1490
539
3764
3747
3533
3810
1218
134
633
622
3104
3314
1713
1762
2247
1273
1142
1726
3396
1070
3156
65
1696
3458
3017
3168
1185
3423
185
123
1093
1873
499
1859
3159
258
1520
1191
1193
1709
2469
1
2219
2959
3852
2732
948
3244
1408
1032
267
1897
631
715
3692
2279
1361
1442
818
367
3004
743
3178
347
1995
2672
1669
1816
3535
1255
2957
2832
3148
1707
1978
2944
1577
32
518
1469
249
2964
2886
3007
3446
2095
870
1107
617
2744
2509
3110
3814
1908
2457
3338
3484
220
3716
3729
3789
1335
1902
748
3021
373
1063
556
1009
1306
3333
3806
2078
857
3678
800
2268
1975
2876
295
3626
669
3290
1101
147
3702
3473
1308
3377
527
165
613
1447
2467
380
216
1867
1545
103
3031
753
72
3087
1399
1861
1813
2810
3076
825
1529
2183
3199
124
661
2799
370
3124
3610
1317
760
3703
2026
428
3305
148
1468
1814
2320
1254
3189
1641
2691
796
1150
