7058
3072
2298
1213
1619
2542
8996
6597
4443
8708
1375
3099
7346
2733
317
9455
7418
4611
2626
7791
6800
3540
6706
8370
9671
7250
4187
9594
1263
4542
4182
9967
1777
9482
5390
1458
6186
9213
2556
8698
4601
6332
6016
4454
9934
2137
6555
8944
7318
878
1172
9504
2521
512
504
8957
1077
2575
4240
6088
2277
2094
446
1919
5661
9179
9811
5028
1228
3707
9933
2431
2472
7539
5796
2797
6566
7034
8
5394
9362
3553
2677
5938
9249
2558
2322
9151
6605
10076
1656
5051
8221
6550
102
6360
104
1862
3269
2873
6050
2284
6106
2311
4271
8910
4294
1933
7787
5268
5882
8025
8781
3193
1787
8307
9300
3958
196
6844
6701
3213
2130
8501
1898
2401
9841
6438
7384
6381
4488
8094
8196
10003
3493
4550
4261
9104
2506
1687
3355
5580
6189
1098
7576
2520
1272
348
3922
5048
1056
9868
1511
3539
1119
7755
9872
421
3946
3542
4587
3632
3006
10040
9557
6336
7385
8682
2491
2397
2777
7197
4122
5046
6557
3174
2972
246
2976
9855
423
1749
7342
1858
2085
7511
4453
6776
9340
9245
1881
9255
4872
6621
5058
9390
7032
6045
1260
2723
9117
7190
2117
4573
6611
4568
3218
2131
3028
3273
8241
7382
4347
9142
9541
6775
8391
2540
6626
4600
871
384
2321
5475
3341
3351
9228
9197
4432
202
1750
3888
4589
628
1541
9380
4713
8463
4015
1106
7605
152
4857
1188
5617
5272
6327
8649
1446
9430
2524
5393
5328
5448
5376
2971
894
8408
1192
8807
5205
8657
7209
8621
4289
5295
4650
5416
3738
2619
932
4631
1071
8425
2652
2042
2224
7293
6151
1427
4168
3543
7506
5169
9129
4936
9379
3546
288
9239
6305
2259
3003
5862
8327
8454
5261
7720
9124
6686
3357
530
4620
7948
7921
3655
9172
6136
7651
2851
6122
6286
6063
8572
5988
3982
5021
509
8586
4002
4840
4771
9463
6201
6456
2977
4268
6399
475
2334
9989
4325
943
660
3973
7028
9919
6384
5550
8896
9844
3287
873
9091
3228
8151
2804
6920
7988
6553
5207
6334
9062
7571
8374
2019
4916
4036
1887
6391
5322
8467
5936
5826
9408
379
3330
8737
3897
7820
970
7840
9977
7465
1332
6712
353
7377
3452
5161
2127
9193
8797
1819
2840
8824
958
5107
5845
4883
9578
276
6675
5809
663
2347
695
4520
9861
6703
3091
5320
4501
7989
4502
8722
2160
6294
3413
4794
7864
365
3036
9034
5184
8667
1309
5069
8768
7939
8132
9204
2157
3623
3117
5665
5291
5347
8664
5878
4369
4651
1041
9226
2655
6872
294
2584
5082
7765
3541
1065
2404
1356
2338
4761
3312
35
2978
5705
6657
1259
3651
4886
3238
1285
1489
7874
4820
7970
3853
1509
8345
672
8932
57
3914
6504
168
6167
6514
584
3389
6142
6829
172
9186
7858
7110
7643
5992
7381
8286
7488
1151
626
3205
4665
3392
3519
1618
7025
405
2113
2351
3508
9708
6097
2687
4314
5771
9498
886
4571
114
8331
9025
6690
4487
5781
6942
8225
7763
2033
9286
2313
4396
8043
2447
1556
4267
2418
5256
9611
9621
2166
565
831
3304
9632
3412
1216
9024
4511
7716
2027
5219
7498
8075
3449
7245
2063
1455
4824
6030
6667
286
5331
8433
3621
241
2725
5632
5645
4121
5236
6215
7050
6247
7316
9223
7095
9283
9029
3822
6591
326
7756
8962
4632
2551
8437
6936
6954
121
7564
9569
7784
4309
808
8787
8683
7861
2947
2934
6583
4594
5755
4035
2902
1079
5864
9235
9366
4357
8426
8422
2838
1287
4495
1081
7594
8186
1757
585
9905
4078
4466
7775
1012
4617
1124
7188
5815
4390
952
6401
9539
1315
721
3817
5960
5271
5179
3710
8801
7099
978
4161
549
218
5941
3902
914
4070
9284
4762
4786
4852
4212
7300
2698
1905
2193
1075
2106
9479
6387
5423
4480
6755
6693
7553
3082
879
2429
1852
3509
3612
4917
5002
9060
4484
10074
2302
7611
8603
6588
2824
3358
4812
2000
1128
5721
6297
8965
497
1536
4127
3603
8240
5858
5933
7572
668
1878
4847
7968
7889
6725
2519
1963
1792
1179
6375
5223
9785
5730
5398
7884
8771
8789
9647
542
2021
7647
4946
6734
3586
4649
3977
4901
6130
1445
5198
466
8291
2940
1998
798
1856
7524
3589
9444
1744
648
7657
8269
785
7244
368
6042
1970
264
8427
1655
8855
6849
2916
2595
5395
1496
5914
5003
7875
9870
5208
7091
8611
2336
6341
6542
5942
4280
5799
4666
8762
7849
7152
3701
10006
6173
6904
8106
3242
4969
4063
3344
9597
5950
9128
7487
1912
9020
9790
1459
321
3408
1449
8754
9596
2952
4394
7702
6326
5155
2597
4768
7251
1900
8552
1190
5778
9291
4529
4077
3604
1654
6196
2331
7219
5065
2014
4391
230
8658
3529
5047
8542
8799
2571
4195
3840
3278
6710
7684
1828
6036
1305
7036
101
3483
9993
5174
9911
608
9360
7986
1140
3037
2765
4750
3448
3872
9787
3243
2570
9882
9963
2877
7037
8951
210
7941
1100
33
7667
5917
4188
2878
2563
5613
1011
4624
8406
91
8288
9126
7391
6858
4094
3220
8819
5816
7256
9339
4588
4431
8562
8449
6615
4191
7674
3370
2205
4056
3672
2210
9791
6027
1411
4609
6875
2465
4815
2674
1112
2602
3354
9554
6617
1594
1514
9910
9492
8451
2132
5557
5143
2243
9821
5172
2891
4806
378
9103
9589
905
4700
3531
7772
2435
5684
6118
1258
3134
2525
1575
6885
233
143
5283
9532
1413
2665
8004
8366
9756
5348
78
2207
3063
6232
9939
7935
9372
1563
2675
7156
10030
5409
10036
5743
9568
7141
6642
9432
8861
8859
6568
6744
7530
6599
2199
5188
8936
2369
7878
1046
7183
2531
10014
4789
5078
7570
7876
1522
9448
3650
1884
4084
9692
5424
8246
4029
4507
9677
41
6233
5505
786
8651
9555
6182
1237
5042
7145
6126
4869
7451
67
278
9417
1596
411
3695
4455
6783
6592
146
4566
8033
3745
5410
6324
2951
1615
7536
3682
7963
2330
8090
8749
56
8528
5910
8121
3001
3903
4993
3032
4558
3166
5151
7357
7182
5251
1178
9509
9209
9705
7181
7092
8636
9556
138
3348
8398
7166
3524
5758
4684
8030
1568
1649
7421
657
2699
2500
2204
8905
6747
9636
8761
6146
9075
2475
6921
4675
3433
4757
1030
4804
5039
3856
9184
1772
6855
4003
5893
1420
9160
6478
6141
561
2394
5254
9987
8515
2454
8432
3768
7468
5883
3051
4323
7301
9299
8998
7302
925
6147
4720
3855
4162
5549
7906
5213
3280
7995
6826
1021
6817
1424
9925
9346
5976
9490
4498
5210
5117
2411
7
4033
6066
9099
1893
8623
2069
8252
7249
2653
5201
920
1488
9341
4081
8166
1889
9410
2055
2487
6622
521
7597
2464
6467
7709
3545
7890
6906
2056
10062
6084
4998
3657
5891
10002
7472
7416
8206
7636
4401
10066
7051
974
4489
9965
9289
3133
5338
1831
5432
1035
3489
2605
6978
2337
6612
6929
3630
261
1554
3797
4637
5075
1017
1780
2324
742
5793
5716
1373
6796
3600
2671
6945
6099
8908
4220
119
6545
9566
3643
9767
5122
8139
5402
7908
8529
7640
9478
6272
772
1052
8483
6330
9122
5491
9152
6022
6019
2333
6134
9439
1685
3909
3928
6497
7778
9559
7060
8435
340
909
4811
2059
3639
1914
8912
1984
4671
7813
8224
7738
9857
6949
1966
8137
8892
1599
8051
8836
912
9497
4992
6353
6260
998
309
8832
9348
4803
7326
8011
4956
1288
6455
6220
5270
2184
546
8450
1943
8268
1482
8544
4365
1564
6981
3611
9312
4034
3437
107
9752
8546
6859
8564
5587
8576
5436
6517
1676
8675
8661
3114
312
2926
5650
9690
7931
9776
2922
6062
6526
2406
2963
3837
2985
3717
1559
1304
2473
1069
3267
4559
8838
4909
6937
5138
8656
4964
8955
4603
2049
5235
17
2860
8525
3846
8833
3192
9316
9194
5462
563
1883
500
5843
3272
4715
4343
9196
1576
3460
5486
1010
3053
8083
5366
3394
9281
36
2263
2514
7854
5980
9859
5096
8736
4356
385
3803
6660
7866
5525
6249
9246
2590
6493
501
8763
6276
1892
5644
1082
7496
4392
544
4185
1349
5554
7107
4321
3078
7327
4574
2764
2679
7983
1637
3733
4694
1592
7793
8629
5435
7360
1865
9513
3324
6018
4819
8499
9635
8770
7169
5562
2991
205
5671
4865
1203
472
3953
1785
4140
7390
5957
1839
8282
7193
7659
9227
4845
3204
4493
2898
8818
535
8699
4266
868
1582
4849
7924
9436
2288
1734
1528
3502
965
5148
984
2703
6357
7620
5354
6519
995
9982
8599
4988
8813
1023
5928
5386
851
3573
4654
9852
4358
6284
5175
1854
9464
5574
2552
4456
662
8081
3638
6095
6496
3
7018
9342
7094
9954
4180
349
1280
9442
8348
1253
6868
4397
8174
3101
680
8464
296
4301
8655
2495
1243
9499
2920
2295
9127
6459
7623
6556
4808
6577
4825
3709
1930
4911
6600
3416
8840
713
9182
3256
7461
6343
292
3624
9652
9147
232
1516
972
8392
8157
7023
6190
587
341
3326
8231
8520
953
8582
4313
9887
2834
337
9601
238
2377
2758
3455
9045
5062
85
3800
3827
8417
4097
7905
7083
4947
8900
951
928
7063
8798
5512
6781
3620
3907
9039
6977
3648
3497
9219
7398
1494
3062
8468
4876
2939
7218
2868
1774
2158
8724
5894
4696
815
9320
5319
2417
6698
3811
6197
5896
7000
1573
129
6547
1598
361
2716
6155
112
9063
8309
1196
7637
1497
3812
5460
8019
3268
4899
1088
7130
44
2474
8715
4668
6138
1270
8300
4746
724
572
1131
3323
2005
3329
1535
7757
6983
7406
5090
2854
2921
1105
9205
7330
8568
4838
2036
5102
4739
8727
1499
1058
8045
8262
1876
8210
6105
7072
3013
5852
6966
6047
3318
1076
8310
9098
6841
3631
4490
1737
8752
5772
7624
5089
7077
1267
7098
3210
8628
4040
9834
7493
7436
1050
9808
3820
6663
4165
4967
780
8565
2707
5185
507
636
4088
8595
4605
8035
3815
9043
6289
4017
4864
4387
2391
6390
2309
8642
7347
4459
5276
145
1518
1152
3562
996
1156
5913
5579
8472
3783
3236
4340
2437
845
6865
7211
7114
7458
2226
3891
5546
268
4719
7919
2528
8804
2813
5358
2125
8729
7949
9515
3393
7432
1820
8126
5783
1173
9211
9637
8093
4269
6863
7285
710
5855
3263
7464
5922
3162
6993
9367
9961
2241
1845
4567
6413
2281
6956
5639
7747
86
717
7634
9874
5385
3229
8053
7522
1530
5209
5804
2781
1979
9613
2423
1851
3867
463
4737
2109
2367
5892
1842
1307
2875
9534
346
7653
2249
6148
4516
6180
9827
2366
7121
6927
3694
3933
6681
7555
5780
9966
4738
2008
1542
4117
6616
363
9526
3794
8001
7281
629
7240
9590
8823
4995
7741
4287
9092
7470
5454
9641
4963
1348
3018
9824
7642
8055
1935
6101
7685
5874
2015
6304
6900
1162
7984
1246
9192
383
3179
2073
7076
630
8597
2428
243
6912
2800
4704
1170
3325
4322
417
2511
2882
5761
1742
2294
9386
1634
5044
1503
1018
4202
95
1475
3405
2297
1706
206
1380
4593
7255
1664
6449
2815
7247
6634
2901
7512
9480
7810
4164
2502
7241
7168
8405
9241
9682
4146
8581
4464
8646
9772
8760
644
6982
2434
10013
2897
843
9672
8022
7289
6460
3677
6654
1849
5656
3583
6369
4011
6848
4465
1513
3111
6487
5539
9296
3301
8052
4645
2012
3298
301
1715
2108
8448
2581
412
5026
3881
4124
6589
2814
3235
9232
5160
1148
9503
8607
5618
1532
8217
3766
5995
9570
7771
5147
6784
2801
6242
5822
5582
2189
3259
7291
10017
4519
1724
2305
8145
2230
981
2754
1462
8173
3163
83
2694
7283
5232
6499
607
2355
9416
8423
8283
8953
10041
5872
1095
9851
789
9997
7137
9945
9843
8068
2658
985
7306
6604
8931
2612
8718
6934
4630
5509
3373
215
1959
8508
4721
5808
9721
4148
638
750
2477
9475
6075
3890
6760
5503
4619
719
1181
2119
9495
7353
1903
9759
6166
3283
3748
6430
823
2385
3107
7711
68
4337
3450
8359
3266
3577
2276
9149
3463
1127
250
8820
9031
3609
6748
4535
924
5571
876
9057
7263
8992
8027
5765
2470
5543
1141
2361
8633
6839
9371
7606
9125
906
128
5703
22
907
8185
7982
4248
597
775
5752
2909
8641
9664
4190
8387
7075
3360
1743
4032
7422
2024
3633
7569
5686
9466
2312
2115
8650
4772
2867
7521
4616
1443
4699
1019
2663
9163
8330
665
8972
3536
9088
2075
7272
8593
1406
293
6627
7625
3033
3945
6873
4246
455
9837
4874
6011
10080
7789
7533
1067
2291
9959
3833
1586
3161
8148
7928
1477
5522
821
3775
6726
4690
217
1653
4251
2998
5374
2990
6458
6378
2806
9336
6655
4540
7227
3886
9896
5935
4533
8175
7526
5372
4766
8260
5553
8783
6716
254
526
3188
931
4
1454
5747
2928
3688
8368
7064
106
6431
2628
9970
6303
6647
4868
1286
2202
84
1219
679
10043
9168
529
6699
9941
4334
7537
3100
2003
8573
7656
2345
4184
8934
1555
183
737
8881
9231
3727
6185
6756
1229
6414
2775
3116
5930
5025
5088
2820
3457
1524
8974
381
3137
1471
967
3422
4732
4317
3793
5480
3848
4937
5250
7021
9
2023
3476
5630
3055
5540
4170
790
1560
4579
7232
7417
5282
2175
440
9714
4926
703
1214
2845
1747
1567
2020
9778
7223
3601
9789
3619
1872
6672
3661
3574
635
5396
7508
6359
846
1939
8471
1583
788
6851
4850
2452
6910
9766
5906
3391
3847
6714
6552
5736
767
2145
2710
4166
3140
6060
9640
7721
6979
3152
2213
2592
3517
1395
858
9802
9605
5972
4923
7826
4836
4679
5627
614
8740
5227
7979
2462
7502
4652
9666
2643
7703
64
6587
1944
4759
5718
4788
1917
9065
7258
2323
9946
6917
1428
1782
5059
2692
3781
5134
8138
5017
7814
6102
6116
884
8956
299
5611
5501
5576
1168
2006
4377
5490
7742
7812
9424
132
9527
6908
7097
9202
4037
1694
6789
2376
9624
7282
49
7557
7369
6154
2427
4093
6444
4021
2102
4474
3880
7930
9840
5614
8294
8831
398
5483
4680
9564
9210
1587
4386
4717
6157
4235
430
7435
4004
1804
2603
376
6283
1562
6111
8705
2613
5097
1121
2051
1234
8496
8904
1585
8886
1840
4742
9990
1879
4625
2271
7613
4405
5127
979
5651
5510
7246
3044
1519
6867
3020
704
8420
7523
4364
4657
7590
8555
329
8966
9033
291
576
9771
2395
5297
9616
4380
7160
5641
2306
6452
8879
7596
9376
3356
8040
2896
8937
3154
1997
1266
9146
9936
8535
330
3653
10054
2187
2537
6694
3578
5077
4102
9256
2523
2070
926
9904
6037
1295
3158
496
6427
9681
9381
3595
8731
9347
8278
9321
954
8419
1064
9913
8826
3378
3187
2412
8332
480
6506
961
5472
4506
2656
3315
7073
8963
4449
3838
9768
1209
9113
794
94
6314
6058
3265
3699
1108
4784
7200
2043
4565
5994
352
1922
4492
9514
2648
2267
2111
6525
8710
6808
4315
5824
4072
1712
5668
6290
4201
10072
5782
5745
9786
5699
1690
4062
7434
4960
8549
3424
2657
591
2702
4065
4582
752
4402
3340
3593
7154
3645
1025
5052
2252
6763
7766
4686
4858
6210
728
4189
2087
1675
413
4681
9687
4966
3200
6779
9258
1265
2258
5698
432
7551
5368
6941
4833
9002
4873
714
8340
2228
1016
136
10060
6664
7116
745
5384
7602
4008
1403
3120
1248
3883
9511
6828
7104
9603
5310
8038
5919
8469
6799
3868
8885
2163
5325
5715
6418
4426
4648
6098
10011
9912
7589
7038
4640
2471
5387
7736
8393
3767
1204
9344
2627
2358
1949
4902
3247
9095
375
433
522
1925
7467
4423
3516
612
7654
519
5746
1783
3327
2870
6598
1765
4460
2034
5006
7014
6549
333
3181
4205
3145
1175
5967
9395
5868
2967
9691
5433
1880
6877
5037
1633
4791
9668
3671
4935
9536
7287
8862
2960
6252
4096
1416
7298
7701
6114
5807
9365
351
4255
7753
7006
334
9801
5154
4223
8195
7374
610
4022
4468
4155
10068
2378
150
5990
2150
9860
1291
4214
360
9923
3743
9414
1540
6673
8264
1838
5912
4242
8141
4898
4349
2194
9389
1597
9343
1826
6255
4305
9689
4583
1264
6697
3167
2092
10061
1678
5197
3026
442
1581
415
4336
4793
2756
8105
4879
8961
7112
8848
9453
1115
6903
3944
7629
7030
167
9761
3070
4196
2910
1013
6886
1778
109
6488
4378
5897
8265
2504
6791
207
6061
7185
592
7264
5621
7430
2182
5341
2534
2458
345
3217
7853
4058
3088
3913
5889
2825
6832
290
21
6479
6241
4983
8574
2579
2335
7752
7699
7852
5131
8891
4802
9734
2490
10044
1492
5333
1326
9304
3190
5145
4839
8192
2508
8129
1948
6666
8929
1439
6940
2968
1890
4860
7478
4253
3058
5622
9726
2762
3045
6898
3636
4090
5114
531
2453
476
2593
5947
7956
9493
6053
6325
3488
4888
2244
7708
6950
7057
923
5443
3700
646
2684
4351
5538
1761
9658
7762
7566
5419
9999
7220
1433
2149
9144
8828
9290
6594
3064
2147
8109
2776
5516
2215
1149
3039
3466
5340
6650
1869
469
6730
5461
8049
7450
9392
8866
4437
5591
1165
4851
6109
7993
164
1614
7457
2025
4263
1847
8933
2913
10026
414
3860
2907
5438
154
6560
653
3563
2905
625
3686
3262
764
9543
2620
6895
273
111
6561
8455
6603
3164
2231
6184
681
6874
3157
1727
2892
1983
3995
6204
8617
6972
4360
5327
6150
6746
9096
3131
7339
318
6351
5377
4500
2061
488
5029
6195
2507
6129
2569
8524
7881
7428
5273
581
5507
9696
3346
3171
1111
4092
1031
2451
8430
6759
4418
4891
2433
4181
4368
3616
6731
1888
7074
9403
2554
5759
2588
5456
2582
8906
1756
7547
228
2669
198
4233
7491
2018
6676
7705
63
7022
9013
3435
3276
5284
4556
489
3739
8493
8918
658
9836
4893
8959
6191
4126
9461
8571
9356
1161
3083
9459
3929
5504
6211
2730
7683
2812
1821
6379
5119
7744
810
2637
5231
97
5880
5984
4635
6474
5719
9506
1561
1363
1045
6465
7174
7848
1616
7846
4725
3850
3470
5612
874
4547
7967
3894
2858
223
3407
3613
9832
5178
8061
3879
7297
5726
7911
3009
1846
9693
8728
1292
6613
331
7054
6638
2852
7426
10082
4959
8284
3300
87
1386
7294
9577
1661
2013
4912
819
2895
9337
6801
10012
1083
142
1074
694
1721
8627
5417
1452
9248
9027
2214
3646
781
4939
4259
7856
8986
4177
6462
6831
5929
7225
5946
7303
193
3993
4293
201
2880
7895
2553
88
698
2463
4965
4210
4427
7600
8942
9397
2734
6013
8916
9979
2541
1278
1526
5449
986
7525
7314
4843
221
9190
1005
7431
8596
3369
8817
9710
8579
8982
5629
2461
5729
5955
8802
7101
852
9926
177
2517
7612
6586
3202
3225
5452
493
1003
5429
4447
964
666
2561
6887
6239
3899
3069
2828
6057
5421
7925
6679
7115
2580
5481
58
1057
7415
3219
11
5101
6881
3478
5109
6640
7149
2076
4219
1623
689
8239
4420
7953
1977
1440
9110
9081
2670
242
1137
6999
8503
1160
5735
1199
5074
6266
460
1383
3570
7334
2234
6905
1139
1289
1553
9901
997
4585
5098
987
962
10047
1770
4922
3169
6620
8067
1646
4028
3027
841
358
225
9221
3459
1180
523
7652
2717
2211
1574
4057
3718
1642
8314
5619
1927
409
7676
3590
7505
6403
5620
5888
9649
9547
4941
900
5871
77
9517
5016
9026
5309
1534
5854
9177
2316
5233
122
4471
9418
255
624
2029
3884
9544
1841
1238
6052
1980
10039
3049
7622
3438
369
4389
3118
5116
8089
6292
988
8769
5979
5951
6221
534
322
9807
3901
2760
6769
3097
1338
8439
9609
7328
6429
1763
4569
208
4755
5412
4829
4120
3215
3769
4345
7433
8758
7509
5604
6397
2356
7727
7955
8167
8687
6680
2906
7056
6337
8551
8338
6345
478
2232
2634
3871
6644
2248
9732
5350
7760
4044
9983
2364
5968
7238
3760
9781
4331
5488
5642
4968
5190
8136
8990
3917
5900
4769
8755
5487
5542
323
3309
3115
9178
6792
9487
9969
705
9991
5453
9470
1401
7162
4218
5969
8384
5129
1236
4532
8592
6020
4778
6171
733
9030
3551
5925
4051
4618
2611
8704
7405
4810
5403
7923
29
1116
6907
7373
9706
3550
1333
1746
2941
2143
5474
6071
4677
7274
1033
4663
5079
4970
2583
1378
30
9206
738
4138
311
8676
1684
7046
7631
6313
3184
4458
9992
6494
6312
7971
4159
461
723
9743
1775
806
456
8277
691
110
5993
4467
1485
7641
1579
9384
200
8385
5637
2011
8882
5859
5428
3296
2527
7019
8950
4736
5569
6308
5669
1954
8143
3962
917
2153
248
9879
8692
940
2576
3676
7776
5667
2778
5106
3597
281
9976
98
7315
5753
4415
3861
9244
5343
5788
8236
649
5280
6144
8872
9329
5529
6070
4728
2737
2989
3996
1062
1186
1572
2715
7147
4797
7822
8378
4767
3105
8242
9085
1906
9183
2869
2790
8177
6461
82
5536
2408
9056
5108
5827
1096
9317
5118
23
7880
9985
6482
4653
5303
3948
9018
2373
6135
160
7410
6778
4429
5361
270
5750
174
8871
6866
9828
9678
7395
7048
7599
2546
5692
6523
4227
9508
8072
5220
756
7161
2557
557
1613
426
6580
5672
8580
7790
9012
2438
1752
9035
1006
9530
1061
759
6629
8947
494
589
4241
9303
4228
7449
5977
9523
6735
7759
725
4100
9411
5124
5734
5425
4247
3382
4359
20
2292
4673
5674
5945
3898
5643
5125
6958
1776
7671
7660
6216
4071
8746
7343
9722
942
5053
1677
6974
3038
9773
1476
6265
5100
4371
8778
8189
5786
7065
4848
7692
1745
5997
8156
8266
1605
2625
15
5616
9440
116
7332
5085
4881
5463
9906
2738
7002
8216
6987
7943
3085
3191
7337
8512
9496
406
8894
8135
6862
8118
2987
795
5964
7386
4521
3249
9238
2362
9576
2621
7867
2547
3642
6243
2098
2209
5061
2839
4741
5128
4109
7393
5298
4644
7954
99
2124
1372
9883
7829
1418
7894
2341
8190
2446
2924
1565
6770
5404
8541
5999
4545
4543
8115
2101
2227
7662
9656
5649
7336
5701
3096
3024
1718
397
6876
2900
316
7619
6880
6793
6306
1832
1672
3998
3956
533
864
1350
6382
6772
1405
7910
4123
3386
9755
973
6857
6352
4517
4711
6468
2749
8482
9073
5939
6670
7675
1668
9619
6821
2165
3230
439
7621
762
5239
797
2141
2589
7681
5884
2250
2255
538
6420
8474
5135
2835
8864
809
4636
9881
1227
10078
4107
2270
3784
2982
2217
6281
1224
734
9739
495
8178
1089
5986
7118
8706
6139
7807
9071
9156
2803
9396
9462
6653
5521
4286
2442
2849
6315
6426
3132
7825
396
4026
4222
8324
5326
2074
5489
8868
4145
968
283
1552
8088
2529
6437
6786
3770
9717
6618
6162
9909
7440
3714
120
2476
9524
8008
1818
8170
1104
6200
1102
5704
1220
8812
6181
9942
2771
5636
6717
2948
1047
4381
9044
6476
1807
1924
7113
5459
3870
3713
8530
5334
6834
5825
5664
4243
484
4054
9187
950
429
8720
71
9813
3606
3206
2237
2726
306
8792
10004
9796
4689
7371
1874
2513
431
6812
9769
4835
7617
194
6072
3787
7423
6938
3873
7860
5427
9876
8303
4581
263
9399
8108
9251
7520
9552
1487
2774
671
941
7284
3000
4578
712
9240
9319
8928
6293
6762
8536
5164
577
5700
5769
3503
9324
344
4292
7978
2146
8445
8875
137
10084
2123
9327
8751
7665
5971
7424
2450
1578
6928
7308
8315
5764
558
2904
2167
2586
9730
7020
5020
853
2984
6094
298
92
9224
2038
5113
1835
9450
2724
3942
2343
3584
2186
5767
3567
76
4957
3795
5389
6234
9988
6373
3250
8602
2384
7224
6492
1716
6532
8487
3992
4664
4091
7965
7869
2365
5196
5961
893
2387
3960
3182
2973
9519
6331
7349
8065
1037
1808
7045
9353
7269
7252
4491
7379
7833
3634
5381
2159
1788
5738
3136
8773
1527
6388
3307
1312
260
6825
140
6408
8517
131
8989
3761
9871
7877
6473
9757
709
9763
6083
2759
545
6692
79
3390
6813
5407
6515
6010
4871
2606
3915
5043
3937
3023
1993
1600
5181
4448
8785
547
5520
3041
3807
7912
8459
9777
10050
6785
8390
4714
9391
7228
830
6076
5907
6486
7265
6370
2402
2180
118
7309
2315
4538
3317
6569
7780
4324
6202
9535
3704
1327
335
3666
6484
4884
6575
1197
627
5578
1352
6780
9964
3400
6328
4987
10059
7413
4200
3388
3165
7226
8124
5877
8609
5876
1767
3608
3258
8428
9606
9261
5269
7033
4524
9803
27
8371
1698
2792
1732
5494
2515
2644
8037
1325
8598
7005
4817
1347
1751
7350
4052
1039
9288
8680
450
1362
8285
6498
2381
4086
899
6671
80
8997
2443
4231
9725
3530
949
5848
989
4379
4224
8531
2138
6273
8672
9285
5391
4781
3138
7552
6317
8362
9505
7689
7974
4434
9486
62
7841
10055
8223
4931
3471
7887
7556
4707
7187
7178
5790
2257
727
7221
976
5279
2981
3916
1451
4424
10022
766
6637
9166
578
726
6838
2238
6861
6595
7541
1090
5285
990
2536
3568
6843
8669
1068
9540
8964
3066
9842
1109
5535
9061
687
7904
7802
5541
6505
7635
3441
482
6082
8255
6457
4907
4795
10015
2017
9429
6311
9059
3089
4485
4042
9164
4025
3798
5141
3042
4414
2555
7136
3129
8999
1345
7713
9529
10086
4555
6483
7027
7427
754
5694
4060
424
5275
9873
5406
5586
8416
5647
7407
5609
1279
9853
4167
7779
4982
2631
190
3660
8280
5076
3518
8566
9405
3127
2118
7573
8044
3997
5278
6722
5903
6448
9313
9433
525
6510
8251
3453
3170
4760
2375
3308
7254
3521
4905
400
1157
4734
6989
3941
1708
2942
1300
1138
467
6751
2044
19
4016
7061
677
10051
8152
5548
8939
1004
6518
1334
7351
9070
6957
3736
2742
792
8415
6719
3520
5634
8869
8361
6040
4894
2266
1296
1682
3347
7504
566
9419
6287
8659
6228
1007
6128
860
5458
8538
8498
7052
9452
6909
8429
4646
4355
1506
300
5823
3691
9724
5306
8259
7138
3527
8133
8608
2662
2632
4171
9355
2728
9143
3826
2736
2010
2449
52
9951
9374
7824
6434
4328
4451
1256
6017
4330
7031
7682
5589
133
5677
3835
408
3011
3668
6299
3279
1453
9222
6833
8171
2808
4061
936
1421
7707
6392
2996
3910
3257
9443
5847
8774
5514
7680
10001
5648
9398
1171
1525
7991
6619
9159
5365
486
1580
5469
3731
7529
186
5214
8219
7492
7850
3939
6845
3637
9225
8716
9847
3092
4919
1133
2178
4580
5965
9501
1465
5099
5833
1026
2225
1206
2359
9483
1640
203
449
4809
3321
8452
3947
4245
2727
1481
8403
1103
508
6641
3511
2966
1644
1626
4281
9364
5245
8006
9090
1973
6224
5153
1261
9005
8082
1500
5144
1094
1899
8843
2918
6270
5136
5142
8213
6074
1538
4745
2811
6262
4395
93
3983
3492
9212
9331
6610
749
3155
505
6
1043
6080
6238
5476
3496
4972
4312
9338
4855
7233
6837
5180
6205
5259
1212
1207
4039
5380
6347
859
4198
7206
8703
8591
6214
6819
6935
9272
4672
8952
6127
1391
5555
5959
1435
6168
7734
5312
1515
2478
8808
1550
1953
8377
4494
7414
6407
8557
5857
47
6091
7628
10087
6258
6804
1790
8301
6955
4596
3921
1910
7081
722
5713
4407
9449
8436
7985
4151
2789
144
9921
7733
7947
2562
5496
54
9864
1377
1921
4018
7286
9456
2216
8844
9257
4282
3746
5575
620
4132
2413
305
9742
5740
3270
1521
3843
6376
1490
7463
2700
6551
7697
6967
539
6158
6651
3764
3747
3533
271
2639
7122
6404
7907
134
4338
7687
7383
9575
3104
4066
6711
977
9200
2247
5610
1273
8733
4335
7794
4731
3931
6788
2064
9358
5217
9848
675
5115
9093
4523
1696
3458
75
61
8822
9425
6480
4753
8344
3911
4038
5657
4740
185
7604
1093
3522
1873
8694
4372
7957
499
1859
3322
6674
1191
9422
3912
1709
601
6237
2469
1
7237
7750
6245
9799
2959
4422
655
9749
5318
2732
948
5290
3865
8318
9481
1981
267
5853
1897
8583
2714
8123
715
5849
7007
6584
9138
5626
9574
5162
7365
8662
3862
605
2279
1361
9451
8494
5434
8685
1442
8898
2068
7827
8431
9058
7047
5248
9054
8162
6864
9646
1995
7926
2689
8198
9731
2859
1824
9158
4683
8490
6836
485
4139
9301
8245
1255
9521
7474
8057
7471
898
5568
9510
4676
4706
960
5714
7903
8091
4670
2944
4332
8796
96
518
3454
4499
6659
4549
9507
249
641
5339
3925
2886
5584
5918
5056
6952
2543
870
1107
6223
9116
2744
7170
6767
8821
7626
9069
7155
3367
559
732
8829
6065
3895
4373
6984
2457
7544
9894
4710
9108
7997
7514
2856
2842
8638
4265
4186
3716
9201
7913
5289
4854
6500
1902
4996
5537
3021
4125
5323
787
1063
5165
9267
6100
3943
5653
4570
7644
1009
7207
1306
3333
3806
7800
8679
7902
7932
4509
7749
2078
9413
840
857
2578
1293
3678
6544
8401
6024
6840
7927
2876
4304
295
4435
5828
7808
6323
262
7888
9741
7746
5869
5257
1101
7268
1976
1722
8092
147
3702
3473
9820
1308
6170
609
6795
165
613
6508
6816
8222
1545
9476
7445
4133
4409
7311
9263
753
4985
4513
2403
9457
4388
5353
6948
72
7199
5163
3087
1399
7786
5720
1861
2810
1666
3594
5255
5982
3076
2212
10007
6383
4887
4288
7527
3734
1985
7067
664
3199
124
5299
4610
9553
5559
5506
2799
370
7402
6723
3124
5492
8920
885
9516
5216
5479
9467
404
3610
6890
7764
7896
6842
9622
6433
760
765
992
2026
6930
389
8036
428
3305
9898
6137
8386
6067
8113
5687
5757
3233
9262
7333
1814
2320
4504
3189
1641
2691
796
2610
9972
