2627
779
5819
7887
741
491
3725
190
5053
9695
5273
6504
2592
3924
3774
9264
3997
8635
3279
3990
6476
6620
6275
1388
35
4149
815
5471
10226
5214
3277
205
8288
8492
3153
4686
1550
5231
9953
2452
3955
3385
4249
8782
432
2157
5528
7530
1568
1580
10199
9536
2438
9742
7795
10179
1685
6398
8706
3722
9860
5269
6854
781
8718
3128
5639
7657
2522
1463
7067
215
313
6812
8631
8423
82
7999
626
6511
6431
10345
555
2321
822
7015
9200
6413
9208
1096
6699
6478
5440
7838
6694
121
5294
1895
5513
9329
6782
472
5225
6933
3776
9722
5863
3757
6611
3553
7993
5205
6720
688
7993
3243
10236
3147
9599
316
7702
5378
1680
9554
6646
3909
3877
4121
782
2480
5632
7818
5323
9814
1026
3683
583
3405
8595
585
93
3393
1704
6246
2350
5647
1880
9855
527
4966
1766
7191
87
3026
4286
9793
4043
5400
6439
9237
7220
7390
2361
8001
2481
3442
6723
359
3492
8481
6744
18
3871
9716
5654
2958
8993
191
426
8632
5346
514
8652
6754
5393
798
506
10238
3217
2576
8284
9239
5719
6840
958
6425
1709
8519
1891
5671
595
8544
8589
7679
7181
2583
282
6499
2354
5454
1099
7528
6540
5296
2954
8056
3925
2667
6785
3905
9806
9853
4078
9825
10021
318
9964
1756
9295
4309
1349
6607
6811
2471
6810
7907
5086
1524
3476
2220
6734
3940
5790
3910
1959
9135
3286
6357
3949
6556
8059
818
8126
3898
1382
5399
3937
9514
9495
9222
4796
10230
5706
7221
2058
2647
3355
336
8604
8748
3315
3487
7252
5646
7188
7956
7577
5104
5664
5051
9839
5575
2007
8272
10360
3600
7160
760
7083
7658
4297
9645
7562
9511
2482
3469
1605
6927
5612
2848
1061
3844
4707
3046
3209
348
6347
8514
9548
8809
9805
3850
3447
9562
5190
7065
4704
5117
1946
4310
346
5293
5008
4133
356
8067
9869
186
744
5514
5729
111
8132
6558
5198
3526
1024
8289
8498
8062
10239
2483
826
3313
3344
6484
8060
3123
3896
6970
6226
748
5334
9487
2616
947
2758
6512
6702
387
3712
6940
2148
4050
5427
3869
5201
6276
9719
1302
6546
2893
7184
3956
7997
3799
8471
8704
7486
1758
6931
1100
5044
3335
6915
2184
106
373
5526
729
3051
5629
5782
9337
12
2162
5064
4670
9939
9680
3136
2495
3148
1795
6399
3727
1604
9931
6972
484
7168
6814
5263
5240
3234
2457
10206
2439
732
7479
678
6851
9908
6856
705
5137
8622
810
7833
7659
4673
6477
8984
2519
1275
5609
3879
5188
5264
3836
9739
1765
6418
7779
499
3561
2921
498
5603
8475
3557
4317
2654
621
3878
6436
3793
708
3723
4114
340
6535
4676
3001
8611
9215
3000
2163
9242
5094
5529
2473
5306
5709
5628
4327
7617
8579
2630
5553
5142
2524
1559
9277
6913
6619
9528
7688
8442
623
2851
4743
3509
10190
6391
7269
391
7859
8537
3127
5498
6456
4662
10225
2372
6482
2509
3320
3870
3501
6658
2738
5479
1700
935
104
9898
8710
6701
9679
1133
9900
467
5388
858
2326
6531
9256
10222
9741
2550
9343
6986
2362
6874
3213
25
5432
2843
469
3307
7173
3384
719
3628
7537
8830
1898
7526
3367
859
9300
1697
3731
1593
8080
5266
2620
5071
9434
3115
10425
9485
8467
3901
3230
2530
10037
37
7889
10181
7791
1955
7906
466
8287
565
6967
6483
4093
2079
2062
8767
6753
2978
8712
3443
2975
2027
7796
2440
5324
2856
2608
3797
2177
5472
1485
10352
7536
7199
8738
5604
9920
517
6432
6561
9430
6669
8104
5202
7488
10229
5663
9282
9519
2585
5291
1736
6542
8051
8517
5196
2607
799
4123
8623
7978
5322
8648
3603
3703
6904
8292
5181
7531
9212
89
10153
2187
1687
3156
2512
2436
6649
6611
7541
5443
2956
3520
1608
2979
6586
4634
3931
34
784
2688
340
6433
5272
5430
3913
4061
1128
1575
6703
196
751
3853
1727
7217
1398
2325
8049
6220
4654
9852
5311
2934
3880
9845
2055
3433
1381
2835
1443
9328
5571
9193
3535
3750
2804
7094
6348
10170
7275
9595
7171
7662
2662
2195
2729
2980
207
4292
3157
429
10234
2828
2716
6563
4023
780
6966
1056
3491
7920
6338
10
9542
3882
1448
3692
2420
1993
177
7013
7521
3538
5749
4001
1459
433
33
529
6442
7622
1108
3311
5316
625
7717
718
9436
6739
5734
6838
7136
2500
4649
493
3954
4736
5320
10175
2724
3134
8759
9905
388
6606
6379
2508
1902
10223
7548
176
9593
8757
5010
6867
1124
9545
3824
4302
5586
3473
8112
6344
4089
317
9443
4322
461
8761
9797
8526
4643
7710
7002
7950
4304
4139
1348
5392
1502
3097
513
7307
6559
7919
189
2637
6562
7227
5708
5221
3359
1749
14
7020
6876
3724
9585
2922
7830
6868
7990
7690
8429
9290
1918
2210
10224
7271
5263
36
7656
7806
9580
9197
6265
3973
6541
4047
5531
337
738
5045
292
9682
9600
7525
6480
2156
1981
3816
2432
6387
5515
5140
2730
566
8266
3922
4041
5431
1703
790
5417
9978
7666
5412
8524
9477
3137
7749
768
7077
8807
1682
6780
4307
9921
6657
3543
986
5182
6666
5069
5123
4020
4635
7807
7412
1305
5134
6397
3387
7394
355
9132
8765
6461
105
2451
5203
5141
7656
5429
7903
233
3117
6385
2624
10154
1969
4105
4018
1540
8708
3510
5131
9703
2579
9257
5585
8601
137
1272
7392
6437
2031
1577
6887
1689
4621
5031
3421
197
4679
761
7485
500
887
6631
6440
2401
7820
2741
1933
1471
2601
6843
3326
5823
2568
9843
3893
3950
4276
3365
10429
3161
9293
9299
8426
5284
1979
10032
6254
1479
8607
6600
952
3573
1739
6415
9518
613
6777
5807
5309
7004
8473
5793
933
3141
29
1753
3142
6852
3057
6705
10332
335
2757
8077
3609
10205
7691
5163
5583
9598
8069
533
2940
7696
1683
3448
1537
198
2423
5003
6678
4795
3412
10426
747
3516
9480
7045
5153
2621
6790
9512
9258
7183
735
1076
2005
1609
10177
5009
486
3383
5574
8713
2926
7314
39
5527
7339
9493
3908
1031
4271
8485
4642
7369
3972
2370
1051
4787
26
1598
3346
3594
7190
6647
1549
3505
6227
9795
965
1472
567
1446
10155
3766
1266
3902
4700
374
5085
2618
8267
9523
3647
5584
8645
9730
8651
3285
7711
428
3852
996
4612
4127
5667
9436
2196
3555
389
755
7389
2755
338
9494
4057
5226
4270
8602
4973
8644
3235
1695
9469
1420
3053
2376
4125
5233
2511
5144
9925
5035
1247
8140
3635
2865
323
5413
9618
3095
10422
519
2614
7216
204
1098
1984
6509
1097
3272
4081
4117
1404
3219
1005
8387
7835
2559
9241
5669
5283
1601
6752
8564
1534
1394
5461
2740
3975
3753
7546
9445
5361
4025
857
5718
8625
10023
9459
3283
6435
9644
5747
8719
8293
7781
8763
964
9831
3499
8474
5151
2431
2664
5425
3356
803
10346
4024
6224
783
5166
7157
2635
1510
8408
5369
953
9616
6933
4033
333
3548
9260
2735
7529
3221
3465
5426
10227
1127
1353
5236
2609
79
6917
3239
4319
5341
406
3563
9297
4293
10336
9547
2352
8990
5298
9915
2829
1123
10171
1792
6930
101
9185
3523
5136
1730
3282
2612
10366
5281
4308
8749
5660
3350
4667
2428
633
1738
5546
6544
6890
2435
4669
757
2447
7778
345
5344
5625
4028
6957
4116
5287
7739
8420
7538
2613
9278
9206
1966
1126
9563
9516
6229
2646
9678
5833
6589
5395
109
801
4684
3525
869
2575
3912
926
174
4753
7361
5856
5326
8702
7894
3138
9510
4251
2961
2985
7213
349
1692
1569
9288
9327
3809
6962
5065
8472
10335
5307
1595
5582
816
9243
2454
8483
855
8720
9217
2498
727
6944
5046
9192
3779
8626
8058
1558
9198
9138
8746
5448
10228
343
7281
2185
3616
2456
4056
7746
5270
5462
6358
8394
6707
5859
1563
1710
5655
7127
978
9474
2036
9701
3254
3549
8739
3270
9804
10356
4316
6800
3458
6789
6271
3843
2527
3327
3689
9266
201
9813
7062
2938
5331
8825
8412
2233
2039
5569
6815
3251
1354
8486
3923
884
3249
2831
2561
5464
7543
10150
7365
494
3416
7012
8618
2191
3391
4315
6361
7752
9838
7189
3928
7853
5573
8703
280
1418
2172
1734
5113
7410
4647
579
1465
571
6718
5189
134
622
7010
6836
42
4605
7380
1541
1487
6784
6524
10424
5246
97
2502
6554
7615
520
2374
1592
2632
8403
1107
6272
6550
8489
9700
7803
2642
6582
7379
184
3422
5648
2854
465
1400
6943
2717
5662
4665
8762
8592
483
9826
2034
7086
993
7665
1382
9210
8291
5146
95
3544
460
3484
3265
3773
8482
2427
1405
2990
103
6964
5830
5012
5215
6241
7905
7333
590
5459
1544
3536
2385
399
3479
2562
3891
7886
1743
9699
10216
5336
5644
9933
3607
9289
5337
8842
5345
5618
438
9859
9259
3930
2319
4040
1494
4099
1990
8500
9981
3947
5711
3783
2453
7519
8236
2232
9984
3513
8725
2970
1303
9540
8615
5813
3480
2056
9149
9550
5227
1607
5516
5707
7396
3477
597
4699
6650
3589
397
7073
3336
504
9433
9588
7175
3627
3420
8092
5441
8050
3904
3605
5780
4115
7170
9199
1763
8107
5152
28
96
9441
6583
3698
2959
6700
8071
8824
1642
7632
1072
1509
1684
3364
1336
753
4132
5552
6757
6570
1606
574
7661
8740
3895
9011
7896
3881
3554
2037
713
5338
1055
2496
453
8798
9614
682
1995
6549
9601
4103
8711
9861
2956
481
7699
3890
10189
2004
5193
4326
8760
3140
1732
94
5493
5442
6960
3415
8808
6426
2006
7200
2570
968
5217
7808
5809
1395
4090
3847
3942
6886
5434
4324
2917
5132
6606
7948
5211
9906
3025
5758
5626
1232
6543
7805
6888
8829
9017
573
6626
7569
5101
5244
1078
2713
344
2565
5049
6518
746
2450
7668
5402
4738
9924
8424
7385
1110
7998
10231
5819
9968
2353
7698
7055
1140
6427
5339
5332
6253
9302
4073
2578
503
1330
9517
3585
3518
5778
5050
3546
3366
8610
809
9270
92
7951
2021
5666
3312
9677
3729
3482
7084
5747
5371
6581
2526
3832
9789
1337
3696
3788
9047
6607
5087
4799
2323
42
2628
6982
10414
1507
2883
1340
9887
322
792
146
8073
9279
7575
2845
6469
9505
1106
9798
7718
8091
767
6503
9449
7176
9696
1233
9508
9642
1004
745
2371
159
6615
332
6846
9020
4785
7558
9986
7799
2190
691
3149
5542
9846
3444
5755
1470
2551
717
982
7777
6396
502
6724
9475
2514
8597
737
2799
1341
2850
6974
3152
1025
6802
7913
5411
868
6928
10318
963
2951
9059
6465
1791
2183
1574
3825
9019
6918
1103
8063
9147
7180
4609
7159
5289
5578
5579
2520
6779
7782
7595
582
7642
5794
6622
4086
8065
6424
2596
2988
7787
4032
572
5092
3456
3953
7738
8078
7293
5245
9633
5401
4601
3232
8518
3929
3894
3013
5690
6892
743
8563
9202
959
412
3523
8079
9590
4097
3601
2384
7085
2563
3845
6717
2809
6630
10235
3120
114
8271
3920
2587
421
8281
7374
5077
7431
9670
6580
2862
9057
2943
4044
2586
393
3318
6914
2518
2569
8070
3841
8817
3618
7631
4713
7669
10397
6587
235
6502
9552
2506
3755
3445
2180
439
3830
994
2525
3222
8237
5435
5779
1274
6572
7689
6875
2655
1974
2474
3758
3728
5259
3489
5330
6209
5841
9732
3587
4054
2834
4648
1950
9298
8594
9892
2756
9729
6410
2455
5436
9721
5070
6973
1248
9440
3004
2068
9904
3685
6797
4138
7480
1964
3699
9691
110
6340
458
5213
5220
6223
7771
9341
349
3780
3642
3541
946
8125
6336
8453
4747
7804
7910
2
2316
9594
2986
4281
1573
5257
3096
3770
9456
2038
733
7580
9850
7498
3539
8701
9555
763
7774
8566
3163
4644
7792
814
2356
9448
4285
1731
9450
8758
4152
2349
9985
1897
8061
3886
8800
348
8810
1493
7986
5804
3037
3682
3044
10204
3217
590
1057
8057
8504
3281
8575
5704
2711
5410
10430
2074
9249
344
8131
6185
410
3488
3840
8778
3772
7904
9738
7021
370
5228
7621
3718
4301
7185
1564
5242
9247
5511
3284
4321
8286
7373
9844
962
6242
2379
10380
7675
2224
6217
1127
9643
4019
407
1985
3431
9857
6497
7225
2470
4698
10026
6388
8753
788
185
6430
6835
9220
1105
10317
6733
856
1101
1442
6774
867
6906
8113
1927
5325
7590
1301
6677
5130
1009
5329
367
752
2070
10349
4074
8988
5315
7172
2355
7880
5186
2960
5387
3349
3461
5588
570
7829
5394
3644
3551
5083
9211
5641
5607
8231
5580
3160
5446
4113
6496
1539
1960
2459
2925
6941
7607
8277
10327
5862
5463
98
6438
1000
6676
6623
3
10221
8503
1458
8064
7891
2504
1742
7556
3226
5260
4329
7131
5063
7814
1691
9525
4306
5524
6798
6601
125
2734
5661
5084
4049
10168
4250
2155
7501
2691
9681
1762
6939
8055
5236
295
8105
7153
2962
5803
7182
772
1741
2567
5554
7720
5282
3347
9957
6470
9273
5095
7511
2209
7854
2395
9961
1914
6382
8581
6625
7832
3860
10416
8106
8768
969
4100
2322
7783
5424
5312
5738
4303
1554
7025
6273
6545
10362
1003
2692
8416
8439
3875
2653
3842
9213
2752
9235
3498
8523
4013
3316
6994
3849
2827
3055
8072
1669
1329
3989
3159
2944
5428
2953
9736
3907
6517
7921
8567
479
8641
832
9914
6912
6989
3468
6719
3434
7549
7533
2849
8053
7547
6634
2529
8082
1497
2749
1008
284
2161
6240
2399
9529
7671
6778
9325
9989
5115
6326
4797
2754
5007
7497
27
10427
4617
5815
834
2343
6553
9225
777
10152
3478
2965
3798
2981
2739
3164
5777
3485
5205
7072
7212
3537
6420
2192
769
3343
285
6525
3690
9858
7616
8270
6866
8593
7930
6576
6409
1059
9207
237
239
8535
2625
4675
4029
1461
8839
19
3572
9271
6565
5467
4021
3582
5335
5271
7582
3324
3263
6627
2448
3310
7959
2582
4608
6853
2941
4140
5258
8823
4051
835
8115
2204
684
477
6999
5176
5078
5792
991
6992
480
8525
240
5200
5705
8770
2463
9854
611
3821
1708
9204
5305
112
3752
1138
9442
2000
5397
5438
8701
9134
5360
4314
4678
2736
9056
353
4598
5229
2782
4049
9809
9203
1270
6555
6655
1542
5121
3490
568
8000
5234
8111
2643
7770
5006
1612
2523
3058
2862
7819
2844
8389
6688
5192
7855
5797
321
7586
949
8054
3314
9811
8269
861
5037
5005
7821
8138
1007
5444
7511
2855
6698
4980
7393
7682
7667
7769
5788
8561
5277
8774
9195
5853
709
10218
107
9907
1760
4300
20
7639
10372
419
476
7564
2573
3369
6706
581
39
9959
3483
5105
569
1
6845
9791
9482
9437
8102
1410
5576
1475
2661
2003
4091
3027
9432
1292
3921
5145
7701
38
776
6946
2846
5695
7612
7128
525
5652
2746
981
3463
2753
3099
6975
8613
9292
7812
9509
10348
9539
7286
9680
1490
3705
5343
7663
10350
1482
14
6783
821
9669
7088
102
10376
8143
5317
2517
9254
8769
8285
7388
7193
7613
8827
10321
1693
1581
7500
6547
8650
3820
9224
3715
7563
6983
9463
7258
3325
7625
7962
7931
6356
9238
7776
9868
10233
2513
578
7744
7848
127
2497
2515
10033
774
2458
580
9196
6458
126
9146
2803
2010
9468
7840
7274
2626
7790
9546
2817
5577
8431
5776
5521
2357
1134
1058
9815
3530
7003
4005
5791
7899
2737
6873
3167
3700
4956
1751
2916
9993
7736
775
6965
1698
679
30
3481
8627
3945
9219
2015
7456
7598
2693
7712
6605
3819
3508
5212
4626
1688
2837
4118
3606
6781
202
8604
9538
8802
9578
10240
860
3848
2967
5643
3576
5206
5525
6390
3917
8290
7550
7961
2203
5216
8754
3570
3467
2507
5247
6794
9698
7626
6533
3991
2469
9867
4609
4603
4788
3534
187
3151
2388
3506
5520
7177
3851
8133
2160
1587
6566
632
10361
7979
577
2732
5274
8068
6221
2842
5808
8048
2503
9515
3711
7963
5248
9058
3502
10025
9720
8717
3262
9849
8510
3466
10147
5124
4002
9922
10232
3887
8469
3432
5079
3598
6460
5278
5523
6335
85
4042
289
8470
5328
13
1899
5693
5239
7523
3775
9847
2032
5386
9455
8134
8417
3241
5490
1109
8484
115
710
1963
3916
4625
5415
2966
6339
5571
6959
6455
1786
9465
6500
3529
2631
1457
528
7624
7357
7532
3868
7415
9805
9323
3717
966
6414
3139
7629
3621
1062
9919
1506
9261
8766
8242
5642
10357
2619
8477
4154
2521
9187
8052
608
3769
8094
9977
5602
179
99
8144
584
3212
4313
3278
3305
2665
203
117
7174
6689
980
6654
5327
9856
10428
5241
9918
863
5804
2836
4741
3338
4964
2475
3540
1528
4141
3771
1027
9611
7069
6984
689
7747
4051
7928
9812
4094
1597
3872
5174
7644
3056
8596
2833
8101
9476
3889
7006
3218
5313
5581
5268
734
1460
5120
6216
3409
1426
8577
2446
5645
2181
5737
4030
2053
3255
7250
5256
1268
7967
1754
10431
7955
4273
5116
3021
1064
3730
6697
3914
342
10381
8700
9446
4974
10347
6411
2445
714
2984
10337
9816
366
73
7745
2733
2193
4759
8653
8478
6889
7788
7387
330
5038
9842
2797
3547
6759
5458
3545
3858
4063
2574
108
3726
307
3220
9451
74
564
9201
40
1750
2430
1132
427
1890
3143
5253
4636
3713
100
7801
183
1304
9513
5495
6602
3486
7989
3050
5340
8617
1561
2189
6261
6256
2605
4632
1406
3733
411
290
7780
1508
7270
3951
9189
3948
9431
8628
5295
1790
3777
1073
563
9472
6564
6872
4280
5011
8110
3971
7952
2590
3342
3532
1953
416
7897
3400
6501
526
2919
199
9591
6935
3857
629
8737
6359
3693
2847
188
1495
2685
1755
206
9965
3562
8806
7522
6417
8805
3457
9439
4651
10413
9438
6905
5333
7524
5508
7368
7637
4046
9589
9630
36
10035
2660
473
2434
8095
8654
3822
2424
9866
5175
2888
496
2026
7815
8606
2194
3403
4788
3739
4645
7315
7828
6262
7534
9240
9486
6259
3259
5449
10415
9934
2166
8528
2419
3158
1001
7167
8405
3946
7737
7527
8541
4278
3687
3709
7773
6527
6931
10219
8044
7137
2173
9330
2814
4624
1462
6842
2860
4298
1273
3150
7046
2437
76
470
5627
3704
1932
619
294
5055
2863
5653
8536
8282
5119
1761
3745
7996
7384
8797
3317
9551
5243
7640
3155
7772
3052
1752
2449
4761
5279
5160
5545
9491
3003
5668
8742
7082
1393
3938
5839
5185
5391
7179
9929
2186
7168
6848
7909
10368
1235
5570
2069
3533
6891
6901
4311
6673
2499
6671
6402
8599
2870
576
862
7022
3495
1488
398
2472
9597
1469
690
10027
3028
497
3622
6416
3550
8540
10022
7075
2169
2584
6234
6844
1678
8781
3322
3939
6459
778
5237
575
10403
2684
287
9285
2382
1594
3686
8565
9932
8838
3756
827
3614
7670
2972
9244
5047
8642
7230
6987
6956
3650
5720
6210
7005
7018
5453
9223
2653
492
866
950
3697
3145
9507
6579
3874
4012
6652
4616
10208
5829
4752
341
4652
3747
6530
7596
7188
2477
758
1674
113
2832
6659
1298
5375
7017
3435
813
10371
2839
8511
7594
4637
1371
6907
6526
5466
1033
10173
2028
441
86
5135
5236
5314
764
9810
1967
6552
8386
3834
1536
1924
9506
7826
8476
8494
7721
9596
1006
5814
9128
136
6857
5224
5261
2971
3098
9851
5650
6212
6796
7182
315
4613
1744
2516
7715
457
1535
762
395
3339
6958
7627
7714
9426
9527
6412
10169
4254
8406
6993
5178
3144
7579
6219
7395
9928
8501
3388
490
2400
8468
7672
4153
4150
8744
7825
4253
4112
3542
2076
3170
10188
3969
77
3475
404
3308
9911
5835
3031
3135
9972
8005
3002
2012
3474
3915
4050
3588
8574
5854
5183
4008
3813
2324
2868
4755
9221
3691
3238
1403
2422
2164
2807
2464
10410
9481
6818
9697
1399
1572
1095
7535
2433
9435
3778
951
1543
2663
3610
7824
9444
3256
9209
8569
10149
9447
6942
7542
9912
9453
1342
3504
9500
3503
5321
9553
3500
9930
2223
2065
9452
7232
1347
6560
3319
2501
6645
3599
5043
7593
7386
8804
742
8276
1926
1707
5838
9218
459
5147
6961
9484
2402
2996
2188
7844
8038
8126
4147
7000
2170
1737
750
8109
956
7066
2719
2956
2077
4075
1265
7011
800
5066
7694
9559
6670
2531
9893
6690
2897
3162
5280
8502
6621
4022
4663
7852
617
40
3430
9910
