9550
6672
2209
5062
15307
4955
16875
13207
5456
17471
15096
2427
15479
8526
7786
2412
1943
17135
3174
15745
3631
14909
15553
766
3842
1101
2882
14885
5582
519
10487
2504
7746
1511
823
5475
1171
9478
6847
12002
15845
4550
5694
12259
8500
5718
1395
7588
6678
16142
11586
8625
5687
3200
7343
12668
4058
16976
10087
9367
10667
2055
3534
8264
17082
2823
5211
14084
3496
6109
14039
6967
1105
46
3739
531
3395
1062
8008
9480
4186
7939
2765
15737
1174
14136
1146
17320
8656
5279
8082
16512
1047
4892
3980
9706
7613
50
18238
9452
6323
3212
8968
1153
9193
3980
5609
12242
15055
4874
1541
2507
524
3371
10416
253
5888
3610
10223
11999
10737
2488
2777
7028
2622
7196
6664
4142
13239
6052
1459
9559
6633
3945
8152
7082
4266
5207
14185
4356
8254
1184
4947
9585
9656
9808
1027
14247
7361
7607
14016
18005
1912
11922
11140
8793
7374
2441
7193
8325
10464
3547
9653
6955
9020
3751
6748
4028
841
11399
5685
6127
18251
7565
9052
12263
2610
14801
11250
3630
9949
7544
1148
3192
903
9305
7781
2524
12015
15327
1195
2600
825
5219
1116
8020
9344
5298
8964
15344
183
6299
8472
4721
13648
13333
6152
8669
455
3155
8475
10004
15054
2372
11302
1842
147
2098
10747
14726
5986
13115
9367
6056
8417
2944
522
6493
14038
2051
3068
11013
810
3594
4712
4610
3486
1007
13703
2799
10956
11453
9384
4440
2962
14027
6663
806
3619
5388
156
1103
1237
15003
6674
1019
860
15246
7002
7656
12618
13264
1354
9018
4380
504
3757
1423
4123
346
6887
7332
8214
5737
8743
2525
13312
409
5872
594
4341
14807
7097
169
14151
10070
2680
9751
9717
698
8344
4901
602
1047
3757
6718
4164
8471
4630
8451
3639
3015
6317
1611
3643
200
9945
9704
286
2099
5539
12628
1331
2970
3638
8093
14995
2749
11132
3276
499
2055
883
2667
10644
7517
6110
1399
3693
6123
16472
7970
3669
6343
190
15887
9752
7199
947
15075
2364
142
3575
12658
591
7506
7620
3238
1836
12847
16426
8419
2331
2347
7775
9259
14436
9788
1245
14470
943
4458
13489
8629
9306
1806
9056
788
11730
6158
214
7330
13522
16599
2658
5501
2557
8642
2395
7655
8730
4063
14638
7397
7210
6933
6905
7692
721
5816
14246
9690
4470
6043
446
134
16871
9976
2320
4359
8844
1575
12550
5860
3567
9882
15135
3636
7427
3496
1638
14019
8729
10060
12798
1978
15133
8526
5716
11173
14503
7359
16647
8170
15278
12848
9613
3190
6957
8843
1564
13677
1147
15756
5356
8996
8792
12931
3382
1178
1016
6551
1902
525
14105
2554
7686
10911
3045
7822
8196
2520
5781
8225
2600
16435
4044
2624
4973
4218
2815
13895
5204
5453
3463
7690
3586
3504
8650
12174
14085
925
15880
115
3041
2652
5982
6073
3639
16423
10451
5390
5902
10842
4368
7529
9290
2627
3233
1203
10720
4343
5738
2736
5864
6178
1089
12434
3657
4211
13546
14904
10526
2344
12854
3010
196
15253
18341
12390
1425
14472
4214
14633
12901
7382
725
1631
6845
6666
1628
11707
7752
1578
4757
14675
9712
3837
1216
2195
7497
12707
3373
11070
8494
870
1013
6843
5933
3990
8566
7652
9002
9755
14942
15152
13415
13555
10929
2111
9725
4657
6208
8953
6404
4077
5536
14551
6615
9348
8686
3754
3775
472
3527
4151
7116
9832
6255
2272
3627
1202
15232
3054
2713
17489
14581
8220
3132
1935
4735
8764
8512
3190
582
10483
2777
3848
10090
3063
3249
9524
13310
7246
5584
1304
906
3758
3368
6977
3764
12290
699
17328
8727
3003
3414
1307
5295
2486
9803
3265
7741
2333
126
8145
6552
3812
18200
8044
8405
9405
11462
973
8371
10941
4458
7467
7566
3592
6292
4789
595
14909
5074
4451
11802
1903
9027
12234
10069
649
991
4990
1215
1568
4593
14975
6047
1443
4957
15794
2284
16362
6404
7393
3343
1247
1559
9939
4194
5814
952
10760
5635
15373
7541
16262
7314
237
1471
4222
7703
9987
16094
6591
2129
7764
9692
5906
15774
7646
7579
6064
14466
5355
7906
11968
10169
3623
9842
8343
4093
646
16392
9316
1887
9756
5559
9950
12696
6671
9340
8114
9738
4314
9467
7713
6048
10323
10850
15199
1816
14485
2875
2556
4972
2869
4178
6156
3289
7457
15686
4030
7076
1689
4018
2506
912
1818
4734
13134
9403
14667
6488
994
6320
10553
2201
18029
1654
12745
16936
9748
361
1378
3473
9547
16701
4389
67
13386
6266
6659
337
8694
14500
6770
3684
2208
3928
17935
15855
9066
5291
1699
5458
9711
7922
2287
6316
3916
12878
5957
17161
1993
13011
4948
711
17170
7385
1024
7643
3586
232
2513
1347
8202
7113
10640
2166
8635
5053
1853
13166
3584
5779
121
1418
484
6600
2490
713
6405
7354
2341
1267
862
7925
7761
1112
14234
7537
13722
847
14886
7935
1086
7728
6331
6420
10649
4392
366
14047
1218
3072
14187
10476
8106
10130
4160
9479
2324
17097
5433
17993
1709
11073
10230
9850
12704
7995
6091
3747
217
43
2442
4386
11088
3680
4876
1289
9478
5928
460
12445
5591
13495
9480
12003
5346
3152
9952
14680
16662
3296
2506
1612
7525
2347
8820
2612
173
7320
3356
10627
9413
6705
8356
3485
8351
18237
12256
4783
1337
5538
5634
1402
7465
1799
13313
8082
8221
13833
4517
2635
1282
5259
5474
3206
1856
1085
2977
3352
6255
2547
1301
1165
6961
4298
13231
2150
12730
3839
9392
73
1158
18161
9875
12148
1388
2000
509
16164
3629
3861
4670
284
4558
5906
6148
6903
2631
6120
1605
8057
4072
9409
9112
5913
14124
1068
998
13583
9921
4509
1510
11905
17103
7834
16784
6700
3033
8498
3190
12974
13890
9848
14923
1513
14262
7157
4304
15588
7227
1585
15626
10830
8866
3714
239
1108
3799
9622
4959
5537
8109
231
6839
3488
15207
17166
10119
4646
2682
3168
5993
4912
10994
11080
6788
807
14582
3655
4941
12645
9303
7504
6150
4696
2108
3376
10844
3157
4746
18295
1128
5073
8248
11035
6135
785
6687
14577
18144
4363
12384
8612
5482
2781
94
2012
10055
5133
9796
1653
6834
5872
534
2770
1094
14349
1065
7767
6165
9016
2586
8767
6940
13414
10056
7263
10647
1539
16295
14074
8766
10175
3779
2948
5197
525
628
17145
4358
2531
3407
7384
3375
1179
15754
539
8444
5569
1364
334
5871
3759
11163
15134
684
12260
5137
7947
11595
12639
17985
7661
7016
3668
4065
3616
360
1182
6218
575
12896
10085
8288
1919
15234
7719
3706
2440
14391
13187
5360
7850
6050
9207
7704
3815
10550
9985
8609
3446
6248
3673
13777
15394
2406
7201
15051
16888
4476
10588
11090
3175
4769
108
1591
9433
6154
11058
18280
2207
2026
4262
15788
4067
1898
11316
2937
14476
13295
2727
3487
16146
15185
14852
12563
10722
6071
1308
8882
7004
8622
5969
8408
901
10047
1040
6113
2363
12466
254
5755
5359
4037
6036
1358
1594
3043
1169
2509
5472
509
6950
7557
12281
7287
2418
1381
3360
9747
3544
14238
7873
3645
11450
2870
15025
14252
7678
2464
12649
7988
3151
4161
1578
3160
3354
2431
2562
3390
14977
8592
11062
7322
155
15100
12172
1039
1660
3838
14606
477
6586
7617
1420
7489
2364
2797
14387
8193
4308
11175
11084
7472
1380
3716
3670
4326
8457
3131
15727
8860
5713
7887
10240
12426
13238
14597
6290
7132
16194
9356
1040
11940
6404
10939
3023
719
2395
1407
3382
5523
16497
8097
1679
6732
3257
11447
2165
10004
371
2490
8644
6383
18123
17076
3238
2505
11927
3835
16017
3146
179
5313
4165
13835
620
5637
4148
8091
13265
15132
14459
5783
1561
5419
12760
11941
4928
1169
411
7854
17091
321
2160
2632
4183
17079
10630
13755
15350
3729
3096
12853
8245
2900
1396
15312
16965
6415
13662
15005
11071
7622
9080
15324
7888
6406
903
3596
1721
3764
9987
3813
5692
5153
18294
78
8824
6674
17306
8541
790
6332
4973
6318
10670
4845
9184
16679
1944
13490
5215
363
294
1808
9640
5780
4358
3480
7467
7576
3110
9486
9138
791
1316
467
10306
6949
15470
9724
4153
1116
620
9927
6074
7224
264
15299
983
15044
5855
4461
6405
9206
9874
1378
12851
12224
4267
5273
5516
10782
3761
13210
8036
5993
5162
2454
9406
1235
8611
130
2210
6589
4955
5694
3367
12888
6073
1393
16685
14714
11017
8885
6307
7913
7530
293
15476
6471
9876
2687
1230
3278
9911
5348
3823
4023
2744
1618
1338
7051
5496
16409
4742
293
3097
9371
7282
10704
4854
2526
7817
9579
7301
1095
9982
4176
10463
4287
1139
1311
9995
1083
2355
1314
14713
6698
10833
4020
9439
8529
10519
6075
2316
13439
400
15274
3219
12889
2723
9992
2135
2611
2457
11015
13836
2235
9621
16609
1173
15310
2253
2902
9322
985
7572
6467
224
2854
7681
9498
9416
4279
1214
709
1528
7019
12193
1151
8148
11075
6025
16473
14671
2996
6412
9389
12230
4147
4394
1765
9864
206
1647
13023
9026
6479
6806
2058
9381
119
1152
15797
289
14483
8265
17156
6750
7393
1883
11697
8192
5442
1037
541
5118
498
9482
10796
2378
7228
6712
7611
2515
15141
6351
9663
9800
1985
5580
7569
3154
9767
14426
11695
4999
11021
16952
12775
2180
5063
8763
819
7564
3118
220
7521
9607
1579
7528
15538
2394
15687
8323
287
3693
13298
1150
1249
5494
10766
7476
14921
3700
7938
9095
2804
1356
3421
106
4521
12783
454
10927
4750
1172
17171
14706
1018
7492
8939
1455
11938
213
1557
1753
6311
1108
9557
17872
2734
7144
7730
1119
6076
4133
6060
535
10669
5439
6923
8680
8967
5146
1824
318
8646
5794
4336
13503
675
1320
9911
3642
2196
3424
2896
2736
7180
2660
15149
2387
1317
9100
13400
5908
6432
6703
6053
1914
10782
720
6746
16329
2310
7536
539
1779
176
3474
12233
4372
6433
5781
4445
12874
9020
3604
9061
12846
4259
1849
9374
1093
5910
4713
10355
5857
9810
13425
10569
15321
10920
10348
6706
6302
6685
1181
28
5644
1248
5792
1516
4367
3744
45
6227
14790
5021
7261
3347
13596
1171
2803
5977
11154
2841
2951
3824
633
182
8198
2981
6305
2665
7994
2568
13382
3182
15367
9814
7220
17469
549
1350
7039
3834
4027
8429
3183
758
6791
12650
15586
9997
3046
8329
7794
14
16255
3204
5914
6673
4174
6689
478
2677
9625
10464
557
8642
2257
206
1487
8432
14856
8646
7662
9979
10891
519
11135
8787
10163
16786
11177
14789
10383
10131
6618
4876
1053
6610
10061
1085
3324
2451
4409
6482
16873
11281
270
6427
4779
11209
2265
6873
9200
2229
2165
10886
3745
513
6701
7781
3376
4432
5434
1889
6266
11276
296
9912
10933
2864
3898
11794
4138
3469
2597
12858
3989
8171
14170
1678
8040
8970
10001
1064
7222
6482
6030
6326
3364
10265
1188
13676
1217
2362
1841
3821
7659
8406
10576
15786
9993
3542
5525
11183
1452
8997
3234
2397
6878
10922
14621
2780
4148
2109
1902
5928
6727
8242
1240
13474
11016
7435
5385
7989
9834
3460
14382
1364
10096
1865
4241
1935
5693
2974
5554
15618
8813
14544
1988
4883
8422
1236
9700
2175
11803
13293
6569
5361
783
997
3593
1315
14536
3777
15128
1332
13948
999
9137
226
343
1332
2374
4998
13887
16289
875
15356
5310
12161
6510
6912
9759
1095
1778
3003
9710
4500
8927
9193
9057
9620
13436
10003
11451
12387
12515
3601
948
4795
250
14952
6398
7138
8406
5889
1482
15793
16398
12232
13576
10807
9386
1672
5432
14241
10674
2732
7877
9096
16753
8226
14969
13914
13017
8348
3605
9113
14629
3499
15235
3051
15227
13135
13875
2161
5609
9741
2532
8572
15247
2481
9957
14301
1502
2456
6171
8464
1904
10232
15688
7793
5076
2733
3257
1510
16500
13582
1876
8798
8213
54
3894
517
6551
2767
4200
15473
6848
992
2936
6204
4205
9696
8630
14579
9465
6840
8685
201
3536
12189
9841
1209
3150
5910
3024
10080
7798
1285
16939
3136
2863
354
6735
13857
6116
2661
1825
1731
6313
4795
6590
3196
1948
14994
1314
1221
1688
7529
2306
16404
5088
13745
12433
8504
8580
12334
726
7541
14060
7343
15874
6075
14228
4666
9751
4235
13987
18063
204
2485
9410
7413
6908
12501
4778
8931
11165
13598
15145
7955
1082
7383
15117
8309
282
9443
6496
714
2885
7705
4162
4771
10621
6626
625
1160
6781
10147
9475
5
10073
4529
12478
1491
1346
3608
9977
13980
3600
2743
4144
13541
7207
9321
12892
6188
4246
373
11701
1868
2506
9476
8174
1862
8109
8014
1249
15062
712
2573
8001
7263
8752
1722
5154
7333
6865
5961
14702
1328
456
2408
7738
2998
4041
13581
187
1512
368
6749
11143
2862
6328
33
3209
9225
2670
7528
9726
4884
1480
3570
9638
9603
3356
6315
8217
11069
2952
8697
7939
486
7091
14862
8484
12451
2060
8492
3760
9902
6555
9538
14910
8593
2471
9373
9002
15250
2608
15167
4601
540
15698
14058
6958
2556
3134
9281
3208
8544
14860
3752
16564
7223
13671
703
7920
11665
5119
9440
2379
907
9370
3647
14738
16270
2717
5772
5926
10002
10350
8262
4720
5425
11008
292
1183
9179
4246
4748
18264
1729
9545
4446
5131
4793
7182
771
4422
12297
2875
6422
595
10831
11936
4039
948
17029
13918
1752
2398
5551
3104
4495
1660
14453
2634
2254
11083
1712
9140
14395
734
1742
8745
2302
7414
7274
3314
1599
9390
12524
4604
776
12760
4140
2397
1561
3161
1062
9589
6322
5923
6113
4301
5825
4036
5114
7932
2605
8486
2108
160
5576
16773
2410
7485
556
9556
9628
17065
6682
5771
16400
7853
8108
13805
8965
1495
13977
10082
16729
3139
6151
15090
6989
5439
8728
3785
1084
1648
9022
9741
9683
2507
185
11189
3370
561
9610
1321
1559
6814
10790
662
13481
16258
9590
184
941
15231
5835
8010
1826
18355
14173
4210
10821
9527
914
3035
3604
11634
7946
7272
8844
796
10066
8797
9484
272
2504
6934
989
1640
1618
14261
3342
1027
13932
12845
1617
4045
11001
3476
16005
14920
15860
7045
2346
3598
389
13832
3880
14521
1160
14922
9405
12000
352
14965
4077
4459
6409
13171
1674
15318
3491
724
5434
3001
5013
5617
6588
5468
762
2811
10633
6637
2166
1179
12719
3782
1138
14083
497
5871
3238
6775
7083
8681
581
6821
5348
14754
10984
4079
10827
13787
6653
7285
14643
5200
603
7488
8535
585
8291
1440
8557
12246
4201
2668
15690
1223
1321
13488
1002
5636
1422
4611
11012
9142
7559
6336
7086
12184
6513
7993
9226
18041
4855
1678
1206
2294
10078
2095
1624
7064
1852
7361
13085
1121
4402
14217
1463
12523
2127
10764
11971
7496
335
7200
4250
8983
3441
12543
9504
8102
7027
3521
6661
6160
1883
14607
2796
4309
7283
15873
15716
9351
3020
1615
14070
13251
8136
3130
7728
9339
5535
6130
9144
14025
3278
5167
2659
2326
1738
1186
2565
10017
1784
7754
5362
4967
3156
2118
137
9951
3733
2784
1296
1609
4170
803
3043
9476
13680
9894
3180
15477
8961
11388
7353
6483
9807
7365
2902
9845
529
1398
11646
13679
612
509
15780
4987
2726
10718
2123
3795
9558
4044
7361
1682
10490
15825
12251
5116
14715
11248
14153
14985
7506
10537
3255
4090
11207
8778
7
10930
6686
9744
15013
7272
2407
15805
247
6403
7387
13644
13835
2378
1212
6662
10882
13669
11983
4211
10940
14837
7152
5052
2413
8487
1791
7555
11921
753
1436
7035
2516
7413
2359
9895
7964
7098
13446
9632
6676
12751
675
7440
7179
8579
2966
4588
7666
5049
908
5108
5618
12735
5121
13309
1696
3580
7291
9481
4388
5446
3185
18211
8316
2388
2152
7653
2291
2905
5486
3098
6424
7439
1780
8011
13769
2533
851
5068
3572
3785
9664
2102
14637
6724
5979
859
16441
14697
7765
6243
15033
228
396
1344
499
13734
900
1348
8055
8822
7421
9918
8900
6061
7917
2453
4849
8745
7415
1284
15994
3218
761
10007
12166
10218
7440
4228
15787
2458
10269
9946
2078
1022
2487
15692
7414
8280
14594
2849
9162
9506
8638
6983
296
12233
1646
11212
2627
5804
16198
7230
14883
7227
7047
8650
3564
7319
1377
13974
2286
12305
1260
1572
303
6790
4313
3766
5536
547
12457
6710
9568
7254
3245
8109
2527
753
4621
14342
10094
3006
8686
4271
13821
15147
2700
2010
15320
3060
8092
3131
583
11332
7472
8855
5280
6398
12416
7498
1652
16450
13402
4851
9346
992
11075
5107
15121
15831
14078
14742
14354
6712
6503
4898
8996
2922
9160
10791
14056
7313
3205
2202
9319
9789
2421
14594
18045
7022
15352
1534
10765
10684
9474
4396
1890
73
7860
4601
102
10589
7567
8770
15469
7662
9843
9291
10018
2018
7007
6429
14661
3046
13603
2587
864
6250
4416
6587
14596
2919
7692
13616
1912
12622
9338
14691
15450
7250
5190
3814
13108
3307
9616
10159
9869
1660
1596
3453
3720
235
15723
1369
163
7526
11386
5297
4208
433
4336
791
9693
2958
15409
5515
12680
2915
322
16406
10380
23
4464
5284
7539
1989
7034
2913
14858
17939
9055
5072
2079
320
13908
14927
11149
974
6709
8705
11805
17878
12625
5449
221
8089
6762
3497
2734
2426
2860
14487
5371
6761
7030
8916
1567
6118
12723
16000
9045
82
1018
9397
3638
4034
3111
7348
1598
5700
7288
17283
2473
162
15116
10113
13810
5423
14721
7172
11702
12716
4791
732
6180
16333
2425
8509
10137
4792
794
5137
18250
447
9837
3433
15193
9035
5419
1220
14681
2306
2912
5911
6306
16780
3157
15506
14076
1862
5744
9969
3912
2951
72
508
2778
20
5724
719
8439
12614
3176
1742
2774
17916
8414
2772
7369
9398
6114
11590
7007
3636
7562
3788
2194
2270
2871
5449
653
3910
1743
5380
2356
6642
9392
5855
14134
5621
7848
18290
9750
3699
6775
9505
14755
5429
379
258
2257
5197
13608
3595
2035
6918
16554
7041
6634
7470
11586
8488
4035
3699
17087
2151
1919
3022
1964
9467
15830
8377
14898
8360
2343
2429
3634
1538
11185
1802
8701
14940
6082
13424
571
3503
2819
6352
7095
2128
8187
362
3333
156
93
9158
7707
3769
6558
8586
14082
9796
5558
7308
9941
17086
11928
9367
8626
14055
9551
14760
127
4987
8737
346
12301
14542
243
3511
17920
8647
6733
5481
15166
3997
11966
2607
9675
796
10241
14546
9033
1710
3602
6007
5417
2199
3027
6760
5557
7238
3848
3508
110
4441
17241
5298
2929
1279
9618
9722
5432
3531
2399
9714
14639
529
9049
8655
11401
3324
15207
11468
15140
344
8963
14578
1069
5934
1942
9496
13955
9422
30
5452
13732
5765
8044
1113
3412
1746
12258
13972
2774
5556
11546
16399
13624
9968
181
7114
5913
8542
12766
8491
3670
9263
8222
7629
4436
6755
673
14921
10653
16593
255
7698
12702
3750
7351
4858
17546
14381
12895
3759
4568
4762
3246
8435
7834
3471
83
9007
1224
7346
1876
241
14600
6587
5428
10076
3493
4011
1905
14590
5828
5874
9159
1641
3646
8848
7303
909
3041
17871
155
13575
2967
5976
17874
6390
12641
10599
2939
2249
9739
6792
10560
120
2017
3902
16617
2269
1078
10009
172
9284
2224
17009
178
6768
6275
2907
7587
9212
3619
15876
17528
9068
6676
527
14718
7090
9552
14504
161
13884
9418
6857
1969
12907
5513
11631
9190
2676
12029
1238
7233
7875
8582
607
1741
521
1632
5935
16263
4189
1101
3539
13540
10773
11307
815
8551
2486
723
6568
1873
18140
3997
11211
13166
2738
8618
723
9032
7606
3127
14589
3619
9840
1875
10849
8200
1879
15742
7859
11694
4771
197
9486
14544
7369
7518
809
3817
12028
2015
1494
10890
4403
5573
6274
15781
436
5454
16462
14048
13054
1590
9699
1595
1238
9257
174
1286
14690
6372
12262
10042
9998
4513
3111
14966
4749
1137
262
762
1070
16183
11311
6309
6519
8502
7032
10759
5729
4278
1300
3327
15584
3786
6017
4520
8228
8947
2015
2861
7845
1139
15680
1325
4038
1373
1668
2509
12243
8888
11173
3748
12004
15593
15077
12850
3658
1490
2062
1031
12203
1514
7604
1735
3911
4344
8235
3688
16430
5788
2613
3781
10846
1814
4091
18040
9168
6330
6584
1792
16021
3477
1915
3193
15765
14601
3334
3643
7520
4338
8518
9789
7617
15251
3034
1159
12616
11747
2477
972
8461
2682
9622
11019
740
9840
1671
1093
7911
932
9141
11267
10860
15314
1917
7682
7775
684
9329
7684
14242
10162
14156
7984
8534
18284
3577
11591
10817
1224
1846
9746
1203
10195
7788
6210
14565
10271
8508
9689
11471
10393
506
7225
16561
8871
14592
9375
1308
14462
10091
18202
953
2798
12004
35
1850
8566
8980
6690
255
8507
10385
10844
14990
2473
6408
2930
12480
5272
8151
2716
1908
12750
5900
6552
7461
876
9150
12810
2982
4793
9464
3414
11953
5914
4506
2369
2446
9757
5069
12425
3082
3608
11336
4657
12272
2383
15782
7161
12818
17992
3306
5738
2626
1562
5334
7430
2176
9349
7888
5359
294
10426
2534
8391
1204
4580
3450
2511
14205
4132
7009
4226
6505
1852
11166
12168
4086
6126
18125
14448
13953
2235
12011
5043
16268
3235
3391
2792
4916
8530
3346
650
5869
6844
13978
1820
14751
7749
199
11458
6301
5180
4619
6885
14749
16063
5276
124
1640
7850
1079
2534
15600
11246
10441
6952
1783
672
7133
5784
13426
2409
1717
4125
3340
305
3623
6694
9379
13297
1421
3694
7769
9012
5430
900
16424
9463
15543
2458
8795
774
9182
1895
8415
2824
3739
3524
3197
5669
11074
2373
8619
2303
2664
5426
4716
9538
9753
9269
9147
8278
3448
6711
4084
12458
7388
8483
2903
7971
3034
6701
9755
6583
3425
2321
8231
165
10089
18169
15337
13219
8692
2900
16996
12094
16201
1884
76
12123
6154
15084
715
16241
2457
11266
6603
5180
15585
1505
1623
14700
12859
14490
7011
4129
11801
3763
10361
1880
17112
6257
5406
5530
763
3810
4700
7624
13945
2730
8463
6981
3493
14059
1917
9730
6842
11208
12837
7232
10
7983
3691
786
2216
3736
9584
12603
3086
17895
6016
9762
613
4891
13137
4545
14013
16660
14465
4175
1603
7772
1374
868
5763
14501
9577
1655
12742
988
5205
351
9452
945
15256
6837
6566
12698
2521
1063
12922
1947
3075
812
2238
4025
15772
3530
8979
7047
2595
6877
4543
3299
15002
1329
7081
3680
3215
9380
12828
6176
7776
12898
15151
3415
3703
8742
2673
1050
3024
2560
3851
13204
1088
3154
13787
2376
7035
8467
15457
3568
5611
10949
13800
714
7245
7436
816
1336
7182
8446
3050
12462
13429
9414
884
10174
6907
3672
6214
12943
2776
2458
13746
12751
14347
9657
944
1092
771
3762
1686
10008
7160
4782
4082
7629
12284
13933
1866
6817
11465
2012
1241
4124
13609
14268
17034
10590
9377
3310
9147
5575
9781
12152
6838
8992
6429
7058
9956
6754
1424
6890
8544
10055
8416
4878
13910
9117
7401
9375
5886
17990
1095
11461
1352
15061
185
3581
8105
3998
1121
1345
7255
15040
1124
4379
17983
6013
5289
6202
6680
8187
8595
8215
9638
1280
9859
12923
9
5930
6200
13181
4203
1897
5079
9802
10770
13647
8353
267
3403
8485
2631
7289
6228
13262
1898
2670
8831
3142
5102
14283
9668
9438
466
10203
3618
8679
12776
9970
851
11084
8083
6545
853
1849
11174
3070
6660
6375
1227
6449
14357
3547
13730
5141
4916
9733
12269
1778
2802
7375
8773
5858
4748
2801
7682
14040
9586
9653
16449
119
159
1692
8583
1676
2663
322
1022
16163
9717
3369
4218
7141
6506
9424
72
9014
13796
1307
9742
2965
8860
351
8490
727
1104
12981
6908
7400
10396
3592
4328
2628
14296
12549
8571
8450
4690
6066
6573
9755
12711
13855
1304
9376
18022
14235
2671
2933
8022
16870
12911
5624
7431
15244
7015
10793
4575
12375
4351
2778
6101
12315
12579
1162
613
7775
13326
17072
7510
6063
504
18243
3839
1140
8438
9144
170
4485
5672
2242
263
5132
6778
528
4911
600
6399
9463
9706
3621
7083
9278
2133
1201
2000
8489
9398
2629
3959
2656
10651
433
2959
1526
10740
6035
2868
10449
12402
219
11943
4628
7623
8252
1801
2637
1492
1804
1323
2149
9716
8841
6305
15118
1596
4043
17074
3395
8896
4158
7810
715
3536
12252
7162
3634
7937
12739
7953
723
9637
7381
13672
6067
8424
13285
6448
4036
2924
14463
2853
3519
14925
2119
9753
10175
10638
5053
1992
11087
12239
12898
2508
8203
9025
12471
6158
4823
9451
3532
685
4365
11954
4713
2555
16052
3012
7378
3339
8861
568
1952
5227
15
11686
6698
6432
4426
3005
11282
12576
10400
1198
14081
12906
10274
1670
17022
4196
5059
1998
11141
8470
13947
10597
12857
6055
1581
9795
1858
2292
6651
10784
5876
12730
2813
6392
200
9149
1025
6657
10917
5674
1533
930
11081
7054
1838
7046
16715
125
10395
8730
1101
6241
4094
7669
15245
12917
3762
2167
17317
7264
2237
7471
10308
2324
8676
7968
5650
1733
4785
6224
2669
18157
1561
7159
3367
8185
169
8773
16186
1743
315
7014
6731
893
1564
1990
466
366
4076
6341
63
16447
1177
3092
12750
14072
142
979
10050
3725
4564
13232
5056
6064
2870
7462
1806
455
2254
14994
13257
14792
12611
8318
4795
3171
2764
10838
13218
15814
4223
511
7773
9325
1847
4214
8739
8861
9031
3793
528
6728
16982
8124
3883
6785
199
1115
6734
13544
6080
14965
10063
11673
14854
256
2872
8487
1980
10450
8488
4738
13612
6616
12009
526
8829
1706
18141
14379
12754
3392
14991
8580
7539
6178
3449
3610
10370
1067
9815
312
2593
9475
1589
535
8601
14598
6779
7006
5051
2604
7770
1210
11456
4933
5452
1273
5507
15453
14302
9945
10148
8607
8755
6942
11955
7796
3686
298
1717
12709
2707
17131
4261
10545
8478
1461
9149
4717
2678
849
7612
7955
8347
5876
4482
3436
1593
9759
9695
2341
5150
9677
3653
8349
9100
134
14378
9449
12785
18335
4379
2441
6763
8587
4330
8045
7143
9466
482
4624
9456
17314
8120
3249
3027
1887
2904
5328
7434
3701
14150
12259
2214
13901
9559
4166
15171
1662
4396
8378
7433
3376
2057
17472
10748
641
10951
5989
16330
14900
263
1817
14824
7943
12621
1608
7540
10741
17321
5478
576
4073
4063
2914
5116
16738
1840
1953
3345
3765
5164
8133
2402
15168
1594
14088
14823
16145
8022
4204
949
2292
4988
2919
4027
14604
2155
8608
3571
10914
14630
2901
1409
7997
6530
4447
15354
11633
4689
4603
236
5029
1379
16065
6615
785
14593
6555
8937
6693
1006
186
4057
12860
11495
3219
74
1178
7530
2219
8040
15290
3801
9611
1401
6074
14684
263
975
6273
1599
8568
5875
4266
15564
2382
2461
1708
4616
1642
2119
7034
10690
1976
2006
12160
572
4660
1070
5295
17195
2361
1031
15286
5475
3360
601
7118
5540
8575
7851
2039
10930
13483
8354
2021
2348
7914
9400
2493
8869
7944
6613
1509
16256
12738
2644
2465
5507
9851
5959
4280
13130
3479
512
2717
10541
2632
14605
12441
7474
4740
4965
14058
6297
1845
3049
2697
775
11937
13809
481
9067
11614
9021
7169
2459
10973
1209
2086
12756
3789
1494
2671
4625
1884
10098
8393
1191
13919
245
1375
12295
5438
6800
1272
10242
4195
9561
13019
1776
5692
1595
14671
1840
5133
8096
1648
1293
246
520
3224
13249
710
6841
6080
14391
7431
17981
10625
5689
7727
1831
7645
7084
7604
3386
6726
14800
1830
4361
13897
6987
6994
1861
8392
3305
7606
249
17233
7927
2738
9513
10007
13825
14638
1680
6260
2941
17858
6397
13073
13885
4023
4724
145
13611
2643
12808
1026
6127
7855
14617
3519
2001
4642
4040
3185
12710
2507
7226
6956
3614
9321
4180
5614
4418
8186
2995
15460
8121
1614
16022
9909
931
3713
6308
14546
8986
2606
585
14717
7258
2901
1813
12887
4794
9754
8322
3088
4780
5896
1864
577
9689
16752
508
13880
3422
1718
2355
7577
3782
12802
8227
7229
7696
6311
6157
7514
5165
2349
2008
1475
13170
8844
2182
7441
10439
5582
3271
14592
5657
6317
5458
17534
1936
13807
1975
11600
9227
11704
8615
2026
8657
5922
136
9627
1826
9578
251
8775
11588
14644
16402
2639
6394
2994
680
1751
5257
994
9128
17304
358
8343
211
4334
12682
12480
2620
4249
5203
773
5903
9597
4426
4409
3833
5151
9370
3811
12419
2064
1670
7721
3013
4355
6116
2463
9371
4680
2030
7360
4002
795
9765
1395
22
11705
10922
9913
8677
2055
1861
5723
2361
868
3023
64
767
4061
8964
1327
7269
9374
16960
15778
14905
5667
3401
164
6312
3152
606
8718
4188
14556
6308
9743
2453
16387
8291
4508
1996
6999
15440
5524
15903
8448
8804
1706
7259
10071
5868
14243
2351
3717
6411
14012
9265
18358
8435
10867
7791
627
3566
221
535
3423
12995
3273
4620
3351
14300
3747
8859
9420
1956
1434
1206
489
16772
698
350
13273
173
3893
8682
3598
4868
1010
8765
1675
12386
5793
10733
8722
10015
15047
8123
1265
8006
310
1246
1603
3623
3312
5014
8746
2868
9089
250
811
10601
2858
2149
8785
3757
6613
1600
6659
1760
7653
2236
6391
4192
8042
3416
4159
8809
11974
1486
909
9957
4220
2480
15226
3583
8383
4269
2697
1481
13510
720
7533
15691
15335
2442
3739
16818
15067
1266
16999
9050
1404
696
8690
6327
9464
2656
7415
10946
5636
12888
2838
2977
7930
6066
14271
480
5
6638
3006
15591
1600
1845
578
3633
5025
6158
5847
950
16879
14486
17498
243
7712
8175
6849
15536
9613
10832
13620
4766
7251
2126
3378
4066
14284
15790
1345
12258
10758
15800
6122
13044
538
8873
16688
10072
1900
1449
9983
7908
3749
12468
8579
8728
3657
6515
2267
10526
1011
8736
14491
9192
14247
4609
1683
9390
10298
1500
6027
3204
1292
7737
9711
133
11223
4836
5322
13789
13305
8856
10225
12237
18219
17075
17141
6417
5389
5199
3793
1847
10547
4774
4134
545
3578
2948
7519
8206
3956
2529
9508
5747
12060
1732
4077
2896
15181
5435
2821
12455
6216
3368
2973
4364
14126
17095
3631
13764
7791
12595
7701
2299
5499
1728
852
3285
1929
12894
9155
2112
9731
9304
5839
2433
3410
6286
4364
550
12428
15706
12745
1691
15279
16608
537
2784
10544
7772
7534
2751
9933
3903
6107
7038
6092
16825
972
1222
10755
4495
3846
3148
7556
1311
2861
916
10972
13247
1676
11147
5773
1005
7423
2346
16646
12640
3906
7136
3743
17518
10461
15722
17218
15712
7573
12560
2133
16240
11126
572
10078
1349
16771
14513
536
9099
13475
4213
10627
6516
8340
6999
2776
3011
2853
101
12519
9734
10443
7872
4757
4588
10810
13880
13632
7395
4715
3326
11156
15534
8084
12243
8973
8052
1640
3703
514
17522
7797
60
6071
13252
2305
14475
1197
3783
10178
14908
13561
8633
2593
6772
6676
10965
16983
3843
12257
3660
1880
853
7001
13923
1187
3194
10430
860
7181
8904
9255
1217
10436
14014
3947
1987
12805
17890
16287
6306
122
14493
9535
4675
11709
713
6016
3563
7392
790
7705
13275
6150
8711
9447
2743
7881
7538
9224
11712
18307
1788
2249
1994
9238
14125
5365
5418
8733
7360
2984
1684
1226
17001
7089
6310
16774
1769
3803
14711
5387
8607
4501
7999
7779
6715
9442
9594
1298
2721
7577
15475
5114
8367
8621
2819
12934
1749
9426
13486
17026
9926
8934
9963
11696
4042
1306
10089
7684
2125
10635
17817
13984
2113
7780
6824
14510
4278
8222
2006
7927
3783
547
7169
9623
1387
5892
535
3655
850
8895
2363
1887
6503
3578
730
3191
5995
6062
15982
12521
10158
1619
5850
4315
8219
6388
3717
10234
5354
2268
3565
15491
16089
1637
1131
10219
4026
592
4228
1227
6411
14595
907
5990
2092
3502
6859
1616
8117
6117
12421
432
3601
4926
14480
3117
2591
6525
6359
13209
1957
135
8166
1106
8096
8048
10792
7161
2290
8515
7113
6812
14705
1713
13259
6172
4852
14595
3787
8495
3170
5831
13263
17477
5079
5472
6138
1931
15101
2437
10442
4465
5931
6726
2920
15426
4455
4390
8207
1596
9643
7824
10014
375
7240
4199
2627
99
11303
14292
1408
218
3531
10215
7913
556
8467
14073
15233
3047
2298
1556
7099
8546
16714
1532
14566
8549
12855
11024
13562
6428
4872
9964
4466
1371
7723
5703
7242
2115
3195
5443
6379
18212
12942
15120
2974
17809
4565
8457
8450
1751
2156
14948
7499
7955
4356
9356
9881
1546
1819
7578
8201
7276
6399
323
3126
15230
8033
4549
6013
71
13437
8548
13422
2859
510
8724
6629
1319
5134
1430
780
13496
4971
6697
9110
9575
6456
6841
16785
8863
1319
5136
2727
8591
16285
5851
10882
2916
383
12662
5283
2097
14124
16271
5498
14541
110
10606
1946
11743
41
1883
1405
7502
8340
15832
14248
13003
9155
7081
10566
3379
7464
749
2121
9448
6457
14066
10551
5502
551
6928
9554
4019
3536
6017
776
10987
6514
10591
1054
1716
15474
16527
11677
17499
10600
2640
15909
8310
3496
8428
14409
2291
3827
1246
6128
1786
10109
15991
7864
14478
11675
7747
5752
1569
8490
1296
17228
8504
843
8872
8056
10270
4021
15731
3032
7282
10006
12959
7187
9580
1451
4404
894
4742
6286
233
13733
469
11543
1603
3182
14239
166
2867
11006
3146
18164
9881
9715
9847
2515
12528
4471
6323
6971
9748
11708
8750
819
17941
6314
15178
12893
3589
13047
6605
8186
10824
2911
7381
8835
989
15196
13951
15323
3147
14397
9167
15364
2009
623
7660
10604
9646
1499
220
1104
1654
4797
830
4092
18225
15837
886
2669
1192
7490
12002
9053
14461
5491
1527
3253
11118
14442
11321
7318
3962
11714
14473
11251
7330
9767
1267
16047
1737
16383
2869
3137
15395
1910
942
4052
218
10635
118
2048
7432
5153
7502
5917
6336
6687
7040
696
6067
1091
9355
4224
12829
6149
2432
14279
3176
7174
10801
13781
2852
8523
3146
5893
3233
12734
14044
9012
3654
4188
2382
1204
1711
3147
5210
6379
14134
4102
14190
7474
1902
5717
12825
16460
9168
7846
5512
3764
1298
689
7777
1014
1774
4504
9035
11003
6704
7223
2949
564
1199
7341
1576
13873
2593
3341
13979
17915
15713
734
8392
5429
3803
11142
9142
8199
1088
5434
13117
3891
3603
2421
3587
6063
2426
2230
9698
6043
12557
196
2468
1855
10559
5341
1772
4137
3563
9146
17495
7073
2366
1229
306
10841
3613
4296
789
7074
15072
9968
5852
2006
3388
8821
13453
5479
10380
3974
3014
7394
2429
12351
2004
10716
14675
6161
882
2795
12050
9327
4672
8065
14460
6619
335
1839
13792
7676
5214
15759
12542
5722
1061
8604
3120
3935
1021
9466
4885
13246
8015
10010
6184
7931
13564
3946
12250
3151
16082
3095
6276
8244
4417
3837
4340
4305
5213
15148
6413
5575
7508
5883
8600
9319
5882
9664
923
10924
15980
5760
6330
3184
6876
4210
936
3667
10475
7357
4775
9671
6077
4084
7858
4840
536
7623
15030
4198
9038
7381
8553
4776
7929
8538
6594
6479
3653
7205
7134
5503
1407
6906
6801
1697
6377
7280
14206
5212
12736
9626
2630
6699
3047
793
12758
4829
15129
4092
4025
7584
4060
9944
778
3756
10933
8474
9536
2234
13763
5232
2953
5974
3175
13939
1551
472
2922
12755
12115
1439
1715
7644
6786
12141
910
4138
8811
1400
197
7037
2059
9417
1458
12732
10321
3217
4182
8090
13428
7729
4644
8380
3433
788
6294
14207
11383
2859
1095
3492
12801
7416
1396
69
5698
8496
7784
4081
14893
10243
8381
15036
13920
4802
9946
18120
17162
2279
9085
9240
12020
2726
3788
5280
14641
2674
5373
8242
4489
1804
5753
2966
7504
5430
2207
3650
7188
2858
12737
13526
5471
6088
228
12424
6916
5759
14635
3507
1009
12025
1026
1527
6517
5165
12007
9519
9353
2501
3435
5208
3038
9793
5968
13369
857
3254
1620
11061
8113
1520
4047
2353
689
2226
16920
6167
17108
15461
14999
1363
2361
8528
12456
31
3171
4768
1750
9714
1620
16357
15483
5535
8240
9000
6991
1166
6042
11939
3388
7345
3145
7139
6203
12021
6650
12217
2255
1016
150
4788
2131
15694
2536
8347
11053
12465
9978
8687
1580
1443
148
1151
1263
1189
597
2672
7687
8576
12053
12931
10376
10032
4566
168
9461
17193
9596
16514
1493
9092
16575
6018
9634
2093
3812
4963
3775
7957
1172
9139
7338
2091
858
9677
3716
2305
7857
12832
1122
13198
8472
1687
11082
326
16579
2937
813
9158
7543
10079
3378
3503
13316
2621
5052
1552
7595
13036
2839
9289
6557
10145
12466
1527
10931
624
12894
8678
7654
10309
8482
1485
80
1019
16265
13765
12831
5571
16334
8789
13226
5220
6476
791
18122
1197
4157
4400
13665
11063
3404
2075
2679
6891
7715
1878
13231
2463
1152
4040
221
7391
132
8230
495
10450
13801
8098
6382
1634
9953
549
5086
11041
1497
1684
5120
6542
2570
6431
4781
7417
1204
629
622
13951
3411
5639
14383
9758
2076
10170
8370
4056
5341
10820
961
14005
6993
14786
9211
4730
1589
4610
5065
3380
805
9462
7101
10220
6144
2152
10278
6157
8952
6268
11464
9790
2846
2928
5878
1205
5812
4720
2760
8493
12594
14919
1672
16791
5936
5256
1761
3737
3644
4195
5967
1248
8167
1075
6407
3845
14851
11564
11255
330
7578
16764
11466
7928
9521
16499
1810
4096
5164
1271
1406
448
786
1315
13315
951
7695
121
8758
5121
9396
2608
601
14960
13598
4265
14454
14790
1893
3520
3639
4882
2942
4849
14033
2146
9818
309
1940
4486
4187
5520
3140
11222
3902
5570
18345
579
2325
14451
10046
16882
7962
9779
5163
9343
1916
14396
608
13133
10821
6725
6800
9458
2925
4809
9465
7880
2786
15303
6072
3694
9742
129
17315
6927
10914
11065
2635
8482
3085
1157
5861
2982
5975
4589
8623
3414
826
10675
786
1550
1649
5155
7581
14340
8417
7187
664
768
5918
3069
14640
8585
9296
11672
9955
10326
15471
2541
5135
882
6572
2860
1203
4052
1503
10598
3438
4394
11066
14002
13527
7195
4589
5627
14650
17011
12526
948
1288
14392
15281
9648
8245
9262
5248
10889
6413
14568
4864
3747
4173
3615
12945
6020
5058
3286
7758
7092
7701
17107
10043
8915
7945
8596
5778
3503
4732
13797
9187
3632
10374
13392
2036
2452
1530
13988
1012
13615
627
1876
1850
5059
10022
596
6351
245
853
6211
1200
9081
8838
5546
10310
845
4887
4819
9206
3544
18312
9642
2365
2723
2153
1077
8575
12763
1226
12511
2815
2434
1244
1621
13417
3416
3676
8596
4248
14477
14996
5715
1714
6057
2355
5905
15073
1773
4595
6237
8592
4205
7060
15834
2947
182
1643
9959
4162
7326
3750
17838
5366
9659
7720
6011
15355
1689
5726
857
10449
1602
472
3454
8792
3669
3341
3169
10142
8784
14855
1090
7967
363
8189
193
250
12455
6334
10093
8881
8259
7949
37
11021
6930
1412
6061
8751
11013
3123
3144
7751
3990
5963
15505
1711
14077
9540
13831
5037
13913
1498
1524
180
2109
4038
8292
3729
10919
6858
5848
717
2671
38
9764
8828
2366
6160
5156
7626
3162
8011
11942
3
10456
3513
10845
6373
9609
8524
9749
2423
2971
5760
2634
1839
18117
2451
9645
8178
904
3157
17104
10894
2047
2976
1740
6532
7663
8030
6298
4139
3635
2326
3460
4110
95
14498
12116
5431
7321
8751
1065
1306
6319
906
1719
8662
5042
12294
3907
3831
1841
2622
3227
16677
3113
5973
1196
6292
3514
3321
5521
21
14694
1465
851
1147
4048
7954
12303
3223
7793
5179
1403
3852
4710
8909
1201
9644
2469
1178
5505
13799
2067
10619
2311
7855
4806
7906
9708
13000
17003
11229
1612
8932
14966
4622
8878
3121
9013
3749
3303
1931
7923
9820
11699
140
5869
1244
10745
6497
1039
4598
13542
6895
3842
11710
186
2612
7722
1586
797
1767
1659
4155
12800
12325
4668
8321
5489
12362
2650
14464
5633
5783
6307
1673
17113
8374
5302
1414
7590
12264
12802
14787
3783
3521
2511
4161
33
53
8599
8366
1109
3504
5716
10095
12517
3437
14624
3411
4
3331
587
7295
7720
3539
6672
3348
14674
7002
1168
8318
12010
138
1677
14106
15720
15020
871
3214
7943
14696
14238
17325
11052
15205
3184
3291
5404
3794
1391
1521
3048
11130
757
3148
9069
1774
2657
10427
2563
1949
15202
12447
18077
15556
13547
14625
9569
7224
3150
7848
14044
1091
6795
9743
12522
9166
14367
8255
9627
2620
12664
13840
8650
1381
17815
15981
4301
10646
3055
977
9570
6313
984
12068
1481
1403
16819
846
861
12516
6063
4423
1730
1322
7466
9543
5474
7724
4070
12853
5109
1635
5138
4474
12737
10925
36
8692
14598
962
1137
9874
9950
1961
2989
5808
16299
9380
12261
145
4714
8432
18126
565
8845
2589
8858
7012
3761
2463
10601
9151
3743
12887
15984
11189
7
6589
1770
6520
10419
14796
316
1930
3738
2814
11692
8862
3491
8284
7218
7963
2866
15492
1418
7514
10715
4547
1675
14680
15009
5757
12027
1826
1144
12429
3693
17083
7281
2483
17946
9024
1991
6394
3743
5787
8586
15806
1222
9740
5632
4407
471
371
17940
5208
4993
6898
10665
6711
16261
15142
3543
2795
9248
7565
12913
7381
6107
9341
2592
8108
12640
11045
1668
9795
6060
18163
8377
322
2095
14825
9475
7703
10772
2343
13874
3065
13217
8191
15032
5803
8609
12547
6855
17014
5195
10746
15776
1888
13909
16957
3136
1565
5296
14699
2293
14963
12712
2394
660
1380
292
7279
13830
7057
9557
3016
11020
11191
17350
4008
18043
8920
9434
7834
16595
544
1196
7784
10383
10155
6970
3756
312
1419
9761
3884
2049
3222
7863
2123
3532
7323
1197
14728
1869
9961
11235
14348
1198
5339
15080
11619
10402
10040
7586
2232
16739
3024
10888
8848
3081
14293
3372
5907
16468
15701
7496
9945
8808
2501
226
6808
6290
4714
5529
12276
6114
8247
3300
3039
7615
8115
13501
15389
9717
1840
8762
12970
5750
2641
4127
29
7385
10641
10097
3276
8078
12844
273
11257
13751
14239
5127
10444
9708
11011
1506
2810
4366
1433
14649
2670
8623
7245
10040
4202
131
5497
4297
6800
4206
662
15046
249
13747
614
49
2746
3541
1142
2465
246
2369
782
6686
5546
7080
17101
3366
6416
13652
532
9619
1478
7692
3261
1140
12639
8664
8476
5925
8688
4684
4460
4804
769
7834
16919
6153
6293
1212
14435
710
1627
8496
1029
522
5891
6951
10511
28
897
634
13509
11051
1854
6238
8857
3702
5857
7398
5759
7141
8808
9103
8393
9541
297
14049
16801
1799
9654
4618
15609
6124
10258
14320
9374
2971
777
11175
111
5719
4019
3199
2424
2247
9456
9457
2237
5538
9456
6845
9016
12946
508
8965
9011
1098
147
12249
3741
1506
15308
15427
2672
4578
3058
4575
13067
768
3368
16091
712
2557
12330
13328
6010
6400
16259
12577
8452
557
4385
14808
6312
13266
1530
10400
1757
11448
10899
4958
2991
9678
1613
516
4037
9116
3002
16696
1736
3228
1623
10528
2160
2115
7371
6329
11937
2183
10928
1112
7451
3381
14641
4070
7387
9012
14903
14349
13618
1664
830
8546
7505
3776
10180
7774
7776
10017
2514
2367
695
5895
13856
2666
3753
4592
468
6744
9054
705
5617
3366
2502
6972
8416
4966
10948
1035
9928
1618
5428
2456
15305
8520
4288
15153
4311
9389
8386
4610
5616
3826
7831
2014
1639
6168
2715
9601
4611
6306
17102
4637
3259
16147
13924
5059
13240
97
5064
8030
608
7227
16552
12154
6785
6545
4325
6289
3811
15
7116
6310
946
15319
6717
9267
5805
4996
5351
7521
1936
4364
11213
7567
9637
533
12401
9965
2340
6147
1501
4244
8471
3026
237
14031
16942
6553
5664
5046
8268
3894
1049
15717
6517
6082
13482
1544
7753
14474
1156
6586
690
8483
9427
3183
3685
9884
3110
2990
7988
12255
1827
2820
4362
484
14092
1199
3442
10129
7404
1043
3020
8819
1601
5469
3692
8698
10923
2446
1906
7357
2104
3158
7602
9939
4786
4745
5646
13938
9238
6313
10438
1594
13886
14057
5888
687
16929
7716
3218
7673
627
1428
3818
17018
13406
18007
7063
1723
8407
2662
6437
4372
3697
3111
204
6215
4377
15792
878
2963
979
4654
5772
1014
10985
14810
7745
6836
4736
7680
177
721
1175
3846
5783
14976
5972
12448
7260
5833
10198
6318
4193
2877
7576
2237
8428
2027
15623
15330
1685
8441
12626
6111
5553
586
6403
15557
3540
12777
13548
291
9044
7657
14506
2425
6804
8190
10546
3419
2905
7884
3148
2157
17530
3900
839
6681
2330
13421
405
18081
8310
1413
5753
789
8069
480
4097
4020
2408
14646
3333
792
1518
1300
11166
6817
565
12740
1645
7417
1587
505
15573
4507
7258
4388
12596
14049
7138
1729
1772
1411
16290
2295
12514
47
1927
8780
10222
11997
9871
4216
1734
733
12197
9969
4626
9384
5717
120
2148
3387
7514
10964
7211
8783
7362
16895
9746
1135
1193
7665
5991
3858
16030
12298
5519
7086
13794
3667
10254
13754
9791
3478
9712
1609
12293
4365
973
13673
2395
3679
3982
4773
4117
492
12902
13886
3191
14236
1066
7820
485
9980
5386
2049
15362
135
15697
14297
1705
7621
4582
4398
7373
3543
1325
6874
3810
2488
6691
15342
4331
13484
950
6
6315
10675
18066
2375
2319
2793
12774
3713
8823
6115
2725
4710
9281
8525
15519
4334
7571
2969
6780
117
11146
2661
14612
14668
9630
3078
12593
1333
12279
2686
4593
963
7050
4127
12759
15859
6448
4281
6515
3714
3009
6181
2277
3899
3535
8879
15108
8179
15103
16576
2218
1388
5500
7493
1229
3187
9030
10588
1269
7874
12557
11215
1476
9737
4319
7829
1752
8898
7912
8573
6070
6037
17947
1
554
2662
9211
4136
15037
2828
6719
2075
2930
3115
13633
9071
3055
7925
6046
5206
2143
9143
4397
3039
16233
12648
531
2921
4584
12485
2141
10204
16238
1566
6084
2256
4760
12336
2120
5065
4371
13106
1064
784
1848
11232
14125
706
7791
8799
15452
9223
4347
12803
8845
4647
3806
10366
7369
9067
2775
6671
14593
9264
16853
8929
1238
14545
2336
16469
11472
4487
934
12683
4910
488
1534
4393
9794
7497
6867
8241
13485
1756
5668
4121
4335
8378
14029
5192
5890
13472
1560
14193
2873
1141
1568
1781
16405
624
8741
14819
4983
7190
250
11093
330
15247
5734
1581
6821
2603
10651
8754
3017
5935
1798
14597
14982
10814
6861
8425
3174
13834
7953
13411
1335
14645
8287
2606
736
9339
2661
3832
4041
4294
3787
3625
866
5181
7836
17002
7521
1008
2360
7738
14740
9108
7371
843
9862
9534
2182
11219
7849
6274
14703
3837
148
6251
3049
1185
9637
18218
96
14172
16368
12956
2592
205
4731
2662
2454
10637
14479
14683
6147
1041
5378
1814
9005
3247
14580
1047
2278
6900
4329
2978
103
1225
2340
10668
6
3888
166
2325
3361
7780
16603
3836
9455
2038
1432
14118
1380
1383
76
2828
6033
5082
9239
7513
124
3668
7022
16322
16302
17219
8832
1323
1903
9249
7977
4937
319
12119
2157
2231
7746
6830
2427
1056
8593
3361
1690
10652
4992
8279
8244
11395
1264
5889
7170
167
1032
12291
5327
5233
4555
2972
12623
15023
1207
3559
10547
258
17216
3834
16886
11798
7065
4920
4454
4930
6270
15628
8391
8870
6902
4858
497
12936
2537
7486
1929
8436
14105
2471
7551
6308
17096
211
9988
11302
9555
8238
960
14599
795
11180
9062
1564
3021
7535
6995
2981
2436
1324
2913
2387
220
5437
8507
3366
10673
14015
14669
2515
17004
8012
7018
3394
3389
8397
6376
15725
13434
1416
3665
8689
172
3529
17164
1042
14587
10512
7104
8623
14346
2466
11703
16892
692
5365
13823
8436
1708
4665
18259
8400
11961
11256
7631
7239
10952
8812
9412
12267
546
13182
4055
8309
1778
13327
7979
7935
14785
1011
13033
12354
3240
71
1766
5319
9478
12655
8641
2460
3660
13051
3609
2835
1986
7756
5964
1587
879
11087
7536
8687
2650
500
6838
7930
18010
2731
9749
6782
3903
18217
3009
2331
720
3674
11642
5543
17172
6499
3726
8460
3265
12561
7308
6686
813
17989
10712
4185
16384
8525
2093
515
1847
704
9813
7134
6420
1671
6031
17140
1234
15533
11589
14260
8574
13549
2842
1443
552
2027
3809
1385
4658
4149
9539
3207
7533
7642
1004
8008
10041
1594
12659
2423
1111
14071
114
4132
10083
12229
11405
9569
4460
10387
2422
4318
4765
15277
8403
17105
4435
9065
2688
8824
8864
6137
14971
8880
4462
11639
1167
4922
6856
11054
10557
6945
1813
7173
2648
5936
3723
3825
9307
16389
14489
14194
13441
3640
7904
7934
2882
2964
1812
10382
6181
6326
6604
7130
12177
7402
2054
6337
2568
7640
3792
5056
2315
1615
9543
1493
1651
5124
14924
397
4891
10401
12117
14958
278
2387
3509
4453
2323
1685
5011
9463
1663
3013
2101
10502
14282
1003
949
15902
13767
6802
7031
7774
10172
954
2917
980
3543
1519
8999
1922
6297
4331
16597
523
1190
8184
13863
15014
8390
1098
8705
3648
12509
6522
11958
3640
13302
16071
11078
13776
12848
13991
12248
12245
5054
5064
5587
2923
3014
9967
9482
3229
2781
6771
9820
6460
5291
10564
4330
2575
135
216
1220
7685
12900
7654
9352
8331
1189
555
8603
2989
1219
1858
2215
1650
8394
7285
10650
1628
14197
6337
6081
6673
728
260
15116
2825
987
2132
5041
11188
5166
14719
10070
5375
3019
6197
2187
16924
198
1390
4412
10959
3490
9526
10371
8157
348
3132
7787
11470
626
6152
721
12723
3798
6694
3201
14616
4535
5136
15150
6346
1613
8998
13183
899
9619
2391
6909
2221
3915
365
2771
851
1541
5813
1508
6591
1695
784
4498
1461
2044
16550
1971
290
14969
8702
8486
13627
5555
11022
7075
6592
1788
2643
9362
7032
9047
14439
2320
4770
7237
8315
15041
2400
6170
9470
2123
9010
18116
17146
2553
1125
8006
5929
6357
9834
545
9831
7699
11559
3009
9327
5725
10354
10307
9499
9716
6372
4389
7470
183
577
2849
7265
4259
14741
7509
2571
7509
8867
7737
1624
12943
2366
1324
3516
1831
679
17896
5765
13808
1669
6049
3335
9058
16795
6539
11469
9355
10775
1343
5294
9843
3409
4396
3637
13405
5767
1218
13813
18342
6606
8058
1088
13849
5268
4219
5360
2325
15067
8875
10832
1903
153
3650
2771
10791
3488
15501
3450
10370
7726
5048
6395
8025
14596
12167
9833
2960
7533
3383
1725
3860
5438
1231
3374
5997
165
1798
8699
1584
15572
8672
10789
1661
2602
12899
3742
1385
1828
13136
130
1706
16498
10411
14248
5582
5545
2099
499
9376
10670
16442
12520
3390
4000
5947
4873
4960
3813
17168
8570
3082
9117
2552
5433
6474
9210
9396
13597
1979
2813
10171
11076
13321
17127
4574
850
6705
955
1413
6083
7382
8139
2883
15829
7228
5906
6249
1505
9742
6149
11969
113
4289
4262
4982
16401
3489
3879
67
1997
6634
11067
15022
9397
99
2618
14116
4617
2632
9126
3879
12143
628
1376
9024
4120
7486
8957
6941
5427
1272
2760
6641
892
9705
10242
9514
14538
2337
4443
11971
16928
13733
3891
14472
1274
4212
2891
4648
1767
2876
2438
6502
9936
10521
5108
7738
1214
5898
8167
1756
1242
5815
6438
11449
3394
439
13132
9828
14735
5522
1576
223
9239
4577
11245
5170
12624
4756
1139
1896
8636
14245
1213
793
6767
1250
12772
2716
15468
1933
13935
7225
2100
5147
14174
14481
546
15748
10600
13744
8469
1327
1154
17303
18023
14237
3370
4107
7853
10047
7707
10836
3607
3149
615
1338
3768
2255
2957
1839
1161
767
194
12605
7360
3739
10181
11263
10517
6099
1498
8404
8581
2771
2081
7289
8499
1431
2692
3191
3169
5382
15454
248
2472
8453
238
1149
4391
7335
12096
8682
3402
6864
13551
2546
9836
14807
7424
2243
167
12891
4596
3744
10239
202
15138
9068
14004
12969
202
14001
4037
4573
1683
724
871
4448
12708
11555
1225
8047
4489
457
3853
17329
16517
2961
5489
3295
1508
8413
9910
2637
7610
7013
2681
4605
3670
4784
16658
4466
1455
13186
5067
2955
6170
4778
808
12944
209
1656
6403
1500
121
6839
3890
5789
10906
4370
5017
11010
2027
9231
5447
4415
14254
6335
15097
14057
1117
10480
16325
1221
10268
4129
147
2122
6058
3177
10794
4401
2934
6774
10664
9294
3237
1844
12408
1880
6993
3677
1622
5778
15548
10062
4212
8132
13643
7066
2106
6527
16140
2783
701
14682
16558
8605
13260
6692
7529
12578
3521
5904
4493
2816
10848
883
7795
1805
8433
1008
6059
770
2487
7895
1867
5712
6410
12610
210
7337
14299
15206
3416
5685
3038
9647
6247
4494
5152
13944
16891
343
3147
128
947
2691
10830
588
3678
9358
12849
2636
10479
2649
9277
2107
7291
8714
87
2996
1006
18097
210
6422
4968
15172
17491
107
1959
3898
3044
5206
6506
2926
232
141
1925
13497
12667
9429
9059
6569
299
4459
11057
4790
2625
9684
6597
1433
2756
14861
151
3166
4542
7174
9982
7244
13841
10324
3248
6378
4225
7222
6561
14051
5527
1208
2834
9470
9752
4011
12187
4215
13234
10072
15743
251
1932
7941
14957
9798
6345
13045
6679
7054
13131
9407
6162
1874
11054
7436
8246
12761
5561
2397
5456
4016
2277
6141
1896
10273
3313
14805
4777
14236
9977
10734
1819
2329
18364
7637
11064
7612
13673
11806
14475
4017
11079
2437
3501
9738
9635
6071
14154
1621
3028
17307
18027
6783
1727
5522
15304
5085
15139
2497
717
1763
7135
14520
4980
1361
1580
8472
11652
3159
9432
2579
3892
12418
3748
15014
5864
1229
1002
2476
225
2014
5384
4588
1937
14381
3263
7331
8236
7495
4548
52
2878
6906
5106
8431
9956
13403
5409
4196
2952
6191
10246
4447
6319
7947
8651
5862
10160
1789
144
1805
3682
6303
8388
1890
10225
10041
7721
14168
8067
15143
14484
3397
12568
7759
16403
2238
6679
3678
11615
2937
1582
4634
4986
14012
1446
2934
7952
10229
5884
11314
12684
2872
5953
1479
14707
148
7977
3789
18344
6331
2638
3825
3187
134
9368
7223
8843
3318
2246
13530
17892
14758
3735
7635
1231
5503
2864
1435
15315
274
11992
4643
2396
8613
5311
1501
2728
2411
8868
188
4363
3493
9240
11636
1163
10080
13839
1597
11972
18047
1677
1181
1295
10216
14490
16272
3800
9379
13458
160
7256
6287
15809
2628
7724
6076
8228
7300
12500
9901
2653
9883
12681
7758
12007
14949
14476
9450
13870
9635
7017
1411
1525
7370
9125
261
2845
3719
8608
3807
12757
14989
12824
8774
1988
11086
3495
6155
5823
17535
591
6518
1234
7410
8284
70
7651
3761
3017
3051
2324
3164
6710
6272
14947
10164
8716
8763
6117
1287
3721
13001
5986
13246
7010
9949
15291
13749
1684
10826
2486
5770
3416
5991
10394
14923
4215
4625
6660
15064
16874
3323
3582
1318
1301
9163
9820
15611
14911
6148
6353
14791
14473
1931
13116
10381
5117
6577
2871
2011
9415
6175
1567
2552
14051
4155
5883
3817
3895
2512
13178
5549
16408
5035
9285
3597
4356
13882
2724
8224
1268
4261
54
15844
9058
1399
1682
10825
818
11203
2473
219
9505
12997
4664
3616
4750
13282
7542
3624
1616
2945
4650
3432
104
7399
7538
4045
5380
2117
11557
40
521
5343
1563
10505
4645
6595
14505
13810
2491
8106
4220
4587
495
3166
44
15154
2458
5621
14636
3800
1386
15527
5376
15063
7948
14991
2931
3862
1188
14639
2479
8031
6602
5758
7542
18247
7077
4006
11234
5361
10005
16556
9253
10482
1064
979
7974
242
3567
15257
5542
5345
9127
11463
606
7741
16913
16275
15478
18236
446
2523
8050
5344
7982
6500
7558
7200
11800
1068
3000
4042
8100
169
14858
2729
165
7482
6627
4145
14186
1793
1783
2722
9819
4961
2558
8550
5270
6836
5815
3884
2679
3051
840
6322
9645
5799
2243
6040
364
1989
8029
5331
5284
14524
3861
4457
14756
14642
11304
1885
6716
14795
6512
7652
7502
7340
4167
4324
9923
7842
13641
23
16035
3266
10950
11312
12272
1592
1646
12001
1087
16304
763
10638
4646
5589
3814
4519
10993
9669
6418
5564
5769
3190
718
2837
1707
6233
2989
5339
9536
8242
1754
3676
4360
15126
3303
13006
6819
4789
1485
14366
3082
8252
8548
8607
10440
16003
2508
3719
9552
6475
14497
175
7009
10235
8493
2217
7342
8646
3155
11606
2715
9154
12999
4704
3457
2007
4779
9220
7910
9455
906
12731
10650
2687
10112
15867
1593
192
3132
3382
12030
2464
3520
9
3585
5210
8362
1790
2947
7998
12859
8569
10086
468
4559
1149
10191
6691
1661
7523
10352
7636
7771
5194
57
14972
5841
12450
14859
12518
7536
3738
17114
9624
6872
9213
15847
13568
885
5148
2106
17128
9414
8079
8223
3258
1842
8781
3370
8410
10887
208
7283
5395
14465
13129
18309
589
4659
16713
9279
3506
9192
7198
509
9222
14467
9713
10397
16257
16728
7469
5109
17129
3114
8286
15295
6681
3683
5864
9769
4848
9036
6005
107
1143
1295
8429
6508
7711
9044
9437
6434
14552
14392
12983
11742
12019
1246
3351
9652
6713
14178
10325
9887
3169
10654
12265
4635
5629
8288
16486
10462
8501
7162
8061
11976
230
9453
1728
5394
18205
3145
6953
378
13399
1424
4957
11906
17287
3018
5739
7471
6056
9408
9337
937
12903
8418
7286
2401
2322
9624
9912
7186
1910
8427
2806
6395
10596
12430
14110
4960
8864
1175
10002
12646
2373
6352
9799
11
3851
9835
2115
186
8358
3340
6300
6909
123
592
3772
14492
9241
1030
3929
9473
2534
7978
15570
1764
7415
2452
7380
4877
8485
1790
7318
152
1421
267
3921
8101
12414
2411
4969
9065
5986
266
9243
10301
17921
5005
12923
14485
5722
2238
5571
15988
5155
5918
10177
16397
603
12856
8332
3784
9251
2170
4035
6730
9453
3724
1258
8019
5477
15174
4120
4632
367
14420
16763
10167
3208
16079
6384
14608
10015
1312
4964
9589
144
6433
4624
8703
12513
2517
12548
13229
5495
5287
507
9813
3691
11943
831
1605
4002
11666
5077
10327
734
8796
8983
4944
4766
7089
11592
6655
5172
10312
12253
6967
2167
1071
16092
1409
1343
8221
478
14294
1578
11616
9497
13445
1192
1653
5453
809
6076
17217
3387
5861
4599
61
860
207
9739
11385
3128
981
5061
4449
10820
3304
16650
2309
4606
5721
9641
4182
11664
1503
5443
3186
1616
13574
2348
17884
311
2118
6826
9317
6101
13843
3713
7101
1776
2253
16966
10440
421
12512
3153
1942
5866
3115
3901
10687
5857
146
16925
9219
10084
3610
13642
13045
2592
14793
13292
14281
8067
2230
7885
2887
2198
9328
847
2164
6807
8035
16474
223
15183
6078
3473
14380
10603
18181
14488
10767
2211
10731
4448
8430
756
13165
1599
1053
7372
5161
6835
9101
7575
1270
3156
4167
6675
17117
10424
7680
3836
1787
3251
5877
6622
6847
7048
8910
1176
7487
4206
5333
9786
10651
12919
4699
12960
1127
11635
6174
6793
6130
17115
16323
2626
4616
222
8122
9204
9447
1645
1815
215
1657
15146
10264
13274
1053
8498
14464
3835
1437
4825
1658
8055
11936
3899
13221
7708
981
9540
3152
8071
12019
3518
8361
1439
6423
7008
3943
3491
670
739
5780
11515
14622
1718
2447
1300
3226
1600
406
1682
9954
5873
3100
8818
3218
8243
6971
14899
13282
9616
3452
9896
6114
6504
6065
10818
8192
2220
7580
12444
2806
10762
2266
341
8852
14402
13418
10150
1677
260
15131
10686
11319
127
1570
1582
2193
848
3249
2433
2384
15302
10854
1305
5965
4349
2611
375
3022
1874
6267
8944
609
4605
1847
5038
8831
14135
605
11268
2918
7782
6717
14618
16381
4337
4835
8106
1312
3699
17879
3612
10382
6034
5824
1386
2285
12266
2800
4267
4289
16792
5559
9090
6664
217
6663
8108
4743
2467
4459
12940
2276
3512
15112
3995
9341
600
10893
1231
268
3922
13258
3232
9401
11641
6554
6058
6388
6298
2655
1768
2618
6704
10711
6819
18249
15275
9989
611
6763
5994
11679
5880
5175
2345
3265
11072
12420
5849
1576
367
13742
13228
7718
1427
12312
4909
2570
10746
12107
3419
11156
2931
1
397
7759
12026
3810
8562
8749
8497
9562
1237
17
3066
1190
890
5450
17305
11094
9503
14519
9250
7072
3250
3996
10465
6837
7226
7493
4413
2547
10661
3833
3171
6762
2728
17093
7889
831
10244
6688
2589
3573
4936
857
6062
3354
1575
6862
7711
5912
3584
2241
1673
7438
6429
1052
8152
8842
2722
3506
2343
191
5684
9350
2549
1785
3138
5881
10030
10519
5988
8864
4173
9141
2560
3542
7268
9291
8017
8772
7496
6557
15710
8874
7628
21
1195
10371
3309
17300
8856
4187
10912
999
4166
10926
15467
6327
16648
14438
12027
4085
3853
9057
5658
970
12634
10743
7164
6259
150
12613
8794
6770
8231
3038
4357
789
6820
2728
9991
7762
8019
2312
10561
4478
8982
7735
1604
4961
4502
3050
7833
6601
3231
3585
13409
5159
8447
1846
3530
11271
10330
14411
8990
13431
1342
557
1916
3210
1754
5469
1312
12731
2790
9690
626
5612
11611
8439
12067
4997
9526
8769
2029
8469
146
5992
7956
15066
6135
9541
2018
4175
8051
3259
3553
6198
2772
83
254
7290
11077
1402
10599
8955
3181
1929
5361
18338
16407
9046
13934
3701
3852
13329
2422
2398
933
8107
3455
15028
7661
12149
7516
3697
5069
2288
1071
10320
14154
6833
6347
11560
9026
223
3815
8891
4264
8452
476
3393
10755
5740
2113
8180
13608
6839
1280
5117
6345
86
151
3916
2131
5584
6382
3212
7061
4706
4282
17234
8531
11960
7224
12908
1695
3053
2298
3220
340
6521
10282
12765
8679
17991
11195
9624
12724
6369
300
3127
8751
2829
12135
15567
7557
2720
3758
7485
6408
9244
7333
7025
14799
8068
3417
15617
10026
1598
8338
2576
7228
9772
3203
17525
14968
7221
507
7570
15343
3311
2377
8358
1877
2830
14859
1775
4127
1678
10455
6086
13494
13808
13034
3531
3950
577
14437
9574
11400
8605
8959
2906
12695
15176
14453
9358
2260
10337
592
3836
8628
295
145
2742
2664
10721
3748
3806
14347
10961
6956
3718
4168
12728
2052
5542
981
2719
12860
1530
8346
4627
6563
13197
9385
8866
12790
2737
14461
3781
9825
4078
15217
13750
11706
1339
3201
2010
9555
7708
10703
10779
9679
9913
2153
13671
9641
12190
11700
767
897
1995
15704
1068
5055
3262
10777
12299
533
2333
1299
558
424
4091
3714
2088
4793
15346
7249
10008
11460
4341
13971
119
8467
2941
1344
10530
15481
12486
9335
15693
14133
6434
4171
6293
2371
8418
9254
6118
6433
13882
9073
12002
3015
3052
2941
2730
12909
158
5547
10760
8698
765
8951
13780
6383
1173
5905
7054
2851
404
551
719
2273
2648
9025
3540
3895
14541
2154
4524
13408
7
1115
3500
4594
5432
6426
167
8443
4051
3432
4640
9091
4342
10649
9652
3992
6119
10245
4109
10837
6529
2357
3083
14774
2899
13451
2938
13261
10558
2876
9816
6940
5657
4064
5637
3620
7881
4044
1139
17812
8239
5196
3162
7778
16513
13890
9639
11459
6267
9906
3207
3382
2827
5677
2112
14017
12682
16445
12920
10194
5288
7776
13296
12165
3473
5686
6116
4335
3119
14980
707
102
9487
14602
1869
8099
2436
16413
4694
8826
1774
2378
7874
5687
3847
9573
485
2979
6665
6744
10639
4991
10177
3213
9482
1886
7372
7574
2309
4287
2099
1582
3841
1429
1468
16852
6387
12692
18298
4122
10074
7660
8633
13829
1661
4609
2076
6946
7
4395
6822
1626
10375
2624
2145
9955
8598
6978
449
7921
15228
5290
4905
2059
964
6884
7075
4133
1712
13879
2797
4998
6681
8241
12714
11904
13949
5473
16831
10639
479
4583
10399
12430
16898
2016
18031
4608
1334
11
10413
2946
12958
9224
1250
8374
9817
12356
8982
1254
1147
11972
658
1092
7936
13111
1205
8463
9942
10009
2831
7084
11467
2446
6519
1180
14182
3784
4605
2599
2293
14610
258
14905
6965
15225
11542
2205
15307
3226
7160
3511
6880
4086
4200
8639
5088
12852
5169
8528
9785
6903
2277
14805
16511
9732
13667
9990
14946
1851
14624
1090
229
3611
7789
6655
6455
14626
7926
1045
9443
1878
14615
6542
17857
4623
9404
12118
6667
1201
858
821
12236
3822
8229
5865
3611
6666
13238
6112
3712
10412
4936
7703
2484
10648
1725
15689
7869
470
9476
4579
10399
9951
12839
17169
607
15233
16904
1773
743
5304
9364
9542
9126
3163
12717
8041
7800
2976
2338
13427
14351
12867
12361
4159
501
2424
12457
2733
5231
185
3158
13407
1666
12503
6477
12701
8746
14223
13227
3827
16072
1497
553
8442
3734
6020
288
6789
1069
17875
18308
6794
3451
15175
295
7488
4406
1148
7393
5638
5204
13294
12734
7377
10374
10379
11907
2642
11152
1687
9609
12604
13678
14964
1763
1035
4601
12296
881
7755
3064
14240
5392
7158
8872
9861
14649
3807
8003
17338
6393
1698
16088
2029
2100
7547
636
6598
6396
3519
1941
14992
2907
1610
7250
18124
7651
8289
14168
7426
4371
5338
14249
7297
10929
13401
2042
7702
12735
8610
8740
14723
2443
15208
5868
9636
4490
6596
5539
3641
5178
7544
6455
17544
2189
2807
891
1055
7053
7856
11254
5352
2852
1924
14737
4966
12912
1837
5460
7932
8005
15309
10549
2063
10044
8947
4340
8591
8624
4376
12864
16185
5788
11925
10764
8529
10344
4493
1202
1017
14945
1897
4483
4371
15276
1714
4556
1477
6725
1017
12694
4024
1058
1849
812
6213
11012
7908
10714
3301
1567
7286
14374
14809
12433
11030
11273
3517
1556
9883
4405
2545
2709
15598
13879
4243
4741
4438
10561
6044
6036
13225
12432
4788
10048
8473
5546
14725
1496
8668
10518
3455
16090
15724
4737
9553
7137
9516
5436
1052
10655
912
1677
9709
14750
2469
3520
3175
1644
3698
8300
505
5135
1428
1404
283
8107
15719
14810
14447
589
14242
13751
6947
875
251
10640
1288
16010
9954
6271
2639
6598
9361
4743
568
6344
3359
5278
7103
3904
9803
3826
4458
12925
1223
15246
1467
10525
8474
3217
1346
764
3284
4899
6972
1752
11998
9972
8362
1911
9116
3621
9905
773
8828
13243
15779
13118
1870
2801
1196
13083
15866
2417
15833
8129
3704
2683
263
5198
4491
8565
6849
1394
13220
11220
5950
15838
15621
9620
16269
2684
4763
800
14397
14720
4009
2020
5613
4578
12874
6934
14499
13016
6328
13830
6124
11888
1161
10604
9857
12820
9093
12553
6851
1057
17840
5863
713
14454
10821
12022
4355
7650
4970
13224
14971
942
4595
1625
6140
11957
6430
7483
1282
6062
9063
9011
91
17457
911
12256
9656
7008
4902
1496
15764
2189
8319
242
7076
2362
2787
9681
10472
15783
237
13793
7648
2330
9152
205
3202
796
8538
16039
11319
3698
9750
2863
1892
3931
10689
15432
4663
14687
4584
15065
13786
1602
2203
1930
6974
735
1548
6769
8760
1884
17210
5016
3778
566
363
3498
12697
10384
8841
12796
7333
4794
52
6751
11689
15011
1859
14967
8659
1146
1140
9732
16850
8308
1111
15472
4125
14537
7670
16672
7537
1758
16470
2939
12830
16711
16078
759
13021
6245
5365
2886
8156
6948
7423
4422
3562
77
5416
6910
8468
8052
9705
6088
12746
4268
1771
2631
2179
8454
10717
1522
798
14901
6620
2820
14998
2464
4455
2652
1622
9590
4737
10719
1739
14981
6129
5903
10015
1521
3807
3816
14494
2551
8787
4453
2118
6599
1043
4113
4636
3053
7020
773
1917
10324
2569
10061
3444
5115
65
10935
3612
5235
14822
2113
4423
1730
518
2991
4737
5202
7100
6612
1237
14743
17080
4897
5098
7060
6042
2318
8627
2171
6368
8674
11384
14250
14075
6119
14180
3452
5381
11055
9091
9142
3149
10747
1681
3308
8379
4828
5494
4317
1074
14069
6015
8037
6917
6094
15456
1205
3746
13832
13368
16883
13492
6337
563
2866
11711
10325
6489
14854
2517
1600
11226
6544
5058
6380
4600
378
940
13168
1886
742
16518
15480
11269
6516
7349
9533
4346
13432
1092
2056
3329
2808
3664
15775
4058
1269
11585
7677
7926
4792
1378
2163
11624
8077
8708
1690
9944
8088
12244
5185
3448
1990
13898
13524
2455
12619
3193
8982
2161
8740
13669
1698
6397
5504
6684
3049
8445
8859
2065
5752
255
4061
722
12534
12955
8578
12753
13801
7705
2056
15987
4771
7710
3173
4302
3004
2561
3612
15173
10173
13940
3145
5901
12
5034
6136
2675
7473
996
6795
6111
4571
10031
3781
3773
317
17000
8389
4133
7709
13563
16266
10843
14918
13948
15282
17078
8966
7468
553
1076
17106
9988
702
1426
10688
1061
5698
12417
7487
2990
1841
15407
413
17084
10553
789
4921
9510
3665
3015
2140
6360
7725
3182
4761
9621
9179
13964
4918
12415
10327
5518
17025
4784
2779
2478
12715
11052
9187
4402
5285
6309
5172
3812
9539
4016
819
14237
5425
209
5761
11315
7928
10585
6986
1662
1426
8352
14347
3844
3666
118
1333
3650
3263
7742
5947
5567
46
8253
6823
10707
9566
11011
14009
3099
2438
6875
2910
6575
5913
3290
15345
7225
5637
6126
11108
6401
6746
11934
4464
3862
3577
14902
1997
9128
2455
12260
12721
6524
7262
10375
7386
4033
1638
3686
2887
4184
15521
4381
3244
14278
4359
5661
10172
7249
8989
14761
14806
9902
7478
6478
14665
17866
6247
9534
1256
9714
9843
1285
6343
12437
1489
1635
6430
526
825
13633
4169
18248
5487
9338
10947
655
12439
7600
1680
13267
10178
8448
451
206
13427
1520
15631
16559
8525
1277
6199
15423
3700
2906
3589
941
3845
8771
8471
1650
10228
10205
7284
13047
7077
9282
16961
15726
1581
13275
9948
1289
1322
15123
13330
2707
5782
7697
4824
2094
587
385
2665
3215
6321
2708
8651
5509
15252
12773
14941
16438
5353
13248
5223
2611
635
5493
8033
6196
3692
243
549
8516
9967
6587
1287
7556
869
6792
7178
5684
15715
2636
951
6814
3584
3162
6525
3114
3158
2502
10506
13735
8491
9369
616
6037
15393
8092
7744
1427
1555
2613
13664
3699
8115
1428
7416
7541
16143
15888
7494
5402
4177
3755
3633
14096
7182
1626
6258
9921
4362
1018
12100
15235
13593
14469
7478
4417
1462
1642
9874
2935
12303
4592
2319
12720
6816
1107
13883
15299
13645
10913
1096
3977
15744
8331
4022
3930
11116
3133
2909
14378
1166
4332
5746
13216
697
5306
2412
14603
12465
9336
1515
1145
11942
3137
13314
11609
13983
18127
7896
4391
2227
7524
8232
14471
7006
4100
10437
12669
6141
10765
1672
12556
5207
8510
1703
6222
321
11252
7702
12358
7294
4255
2154
3000
12374
9431
2873
5793
3418
7232
3156
4995
3558
10550
1765
15191
1554
2930
12775
588
9435
16788
11981
11023
4919
18071
5020
242
1597
12910
9737
7504
2008
1777
6481
5104
14484
3186
11626
4733
2192
8185
341
15001
9682
4382
12689
9154
6708
3494
9340
9754
7316
2511
14723
9148
4059
7121
16242
13418
1596
4538
10161
538
3661
7840
10577
1071
12753
3826
9197
13872
2631
7320
14482
11037
5987
3434
4717
1542
13950
6381
541
2311
1612
13990
7067
216
17889
10622
10284
548
7214
6018
3774
869
10267
10783
27
10415
3129
16985
9839
1076
7274
1757
16986
4062
15320
3691
369
3541
4974
15730
5044
1221
2062
3815
3344
5553
5907
2011
5065
14395
6051
3472
3
15113
12575
1047
3273
9833
5843
2455
8095
1126
13279
4766
14835
6153
13064
6479
5517
9709
1166
4090
12199
7813
1410
3033
7579
4013
6777
13274
256
2735
8802
7438
1424
225
9366
14647
11398
13186
3822
8796
8035
2008
17147
2092
12383
2153
9468
109
4939
1202
1827
129
8225
15989
10156
12718
13837
13228
16182
8113
12183
8463
6330
3651
2357
209
7141
10602
2155
10442
10483
12268
4399
10531
13443
7807
1878
9825
32
14581
15229
602
6022
10778
3809
6344
8198
2651
12232
725
7149
4550
1036
817
3882
11986
6453
15610
5837
1489
12373
1945
5938
5547
7697
5269
3797
11178
7612
3806
6846
8675
2694
2186
5052
11085
1563
7419
1651
6892
7790
8876
3253
13553
10085
9730
3037
4617
2826
5648
12146
3028
9285
956
1367
14501
13854
4323
1067
12764
1769
8908
14489
9629
1186
17077
14422
8490
9696
2084
15123
8440
3837
6820
8783
11155
2213
11643
11775
12147
8475
12228
10283
9842
6270
10343
3391
1865
16117
3515
1750
13433
9530
608
15206
7743
3681
2359
9432
8162
16574
13966
10745
1529
4484
9741
6811
2544
1872
2724
12635
6690
10605
4429
2886
2663
9894
15705
18210
4969
9433
6553
5412
6232
15101
16080
4923
5125
18260
5188
984
18315
12222
6747
14897
2652
1245
9965
4580
8673
17178
5804
3545
3694
2647
890
480
10804
15785
2124
14289
14889
6281
10580
3165
1156
6816
4101
2108
478
4600
5677
10806
4424
2435
3298
3171
1509
14493
1665
5534
1504
6332
12059
2660
2686
11019
8285
3509
12319
6009
795
157
3483
5443
16656
10228
12388
7309
370
10476
12985
8517
14796
4387
3431
6282
2427
15504
3486
14055
2022
4611
5849
1164
18150
2298
3569
1556
4004
764
4817
3515
10221
5822
1194
8431
6381
12032
244
6863
9570
13872
15064
8094
1685
5458
2646
7482
3812
7867
14954
14754
15789
11554
4209
5130
1665
6843
856
3350
4915
1012
5060
2907
3006
3854
2881
12461
10475
2562
5417
8332
13241
1805
9232
717
5464
4753
8070
4454
8360
6151
6734
8685
1155
1853
5585
13249
10779
833
3076
1521
15441
7750
10233
15317
3413
6421
8736
691
5416
11804
2995
3868
2940
14434
4612
9070
15482
6644
18347
3298
8966
5177
13383
3574
7628
14744
2023
6390
3420
6159
3929
14455
11403
5579
6943
13056
3844
6157
4369
3860
12897
9622
102
1963
3103
4474
5786
6584
4964
4354
619
15700
8812
9124
9739
7736
1242
5236
8562
5887
3639
4066
8786
9151
7621
11967
15361
9844
1023
8786
7574
15541
3058
4847
1652
9205
2630
4860
4191
3315
3236
259
7251
3790
3204
2511
3704
1948
13818
12823
1966
3470
6818
13821
9568
2470
325
9662
3438
8520
5053
3198
16832
7332
14275
7231
11216
11326
1759
10562
4499
2867
7231
9752
788
3649
545
16148
14852
3779
2391
11157
4245
14696
10824
3194
14974
12544
18178
14599
14018
7954
14394
2323
11018
9127
13043
2647
17240
5364
772
6461
1321
4907
4081
15021
14433
1179
13179
1525
15254
471
17299
2495
3386
3073
2674
18226
6008
8617
13968
1562
2188
14502
8744
4156
6941
8979
2495
7349
7316
10685
7398
1204
10054
3484
3823
415
15421
227
1892
194
5025
32
287
14266
6480
10042
373
1292
9553
3362
9626
362
16749
5848
2625
2820
5163
13167
4365
4929
5116
10280
3505
1619
147
6559
6189
11068
14904
1107
10883
2862
16905
1545
9262
2792
15714
11777
1835
4251
15983
7763
2290
9205
15131
17067
3941
17174
17220
13757
6853
3788
802
3001
18044
6864
6136
3101
1090
6200
7783
18293
863
7971
3603
591
2972
7564
17476
9577
432
8956
6193
9999
11050
7219
1857
4407
3685
6171
8466
6647
8709
7560
4130
16549
8382
6126
1932
9369
1614
3267
5354
9347
8635
2516
659
14235
1636
9209
14075
15495
2291
3211
15180
1186
3546
12641
2725
13487
10257
1749
742
7878
14269
6424
4386
1057
1615
4190
1827
29
3117
8628
8981
11022
1968
7013
14926
6207
12379
7527
1598
4119
2750
6833
13748
5089
412
14909
13991
3489
8602
18072
962
13184
7018
695
3818
873
8421
10446
16649
574
1096
12681
8752
9372
744
8011
10986
10819
8503
2468
18015
4043
4556
4264
10921
1405
5917
2525
15027
6048
6799
4746
2906
10165
3539
14481
3138
7733
2837
3228
7720
5531
14043
6872
4827
8076
5429
15061
14022
4765
2606
12961
11092
7566
794
14487
1843
1137
6159
8532
9529
196
678
15309
4719
14684
7671
7526
14423
7396
7370
13621
13452
8738
601
8251
1700
3034
6458
10540
14413
2137
8767
6272
13654
874
547
15568
2880
2335
10539
780
14946
13802
5166
10859
7197
3440
6541
5140
6316
7889
5358
6214
4485
8522
14959
2279
1712
4397
45
2498
1496
2128
3225
14486
8652
1219
2162
10433
122
16657
1224
2607
14970
5005
7789
9989
7328
5007
8978
5205
5710
1622
10263
6173
2400
7434
13899
9172
257
1689
3214
14255
2588
13415
5711
12674
5543
17885
5891
7080
9002
8584
12324
8785
8068
1075
15316
559
3325
11058
9106
3377
10636
2379
965
10066
13473
4065
4411
1950
5398
9221
18093
7505
15582
7739
17309
3174
9034
3756
13798
7232
4820
14532
2362
7416
15175
12487
1112
2155
517
3522
7379
8513
2940
3725
9103
11214
4551
12470
3662
4582
5572
11014
14934
10038
9708
6703
9943
9870
14468
2504
5325
17090
14697
6414
7157
14922
1702
2729
7789
6253
2978
3568
11655
954
18184
5299
920
4579
6987
6373
9520
7484
8021
10349
1684
1737
7749
9692
13814
12692
672
281
456
5697
6320
3694
3599
10398
5892
6086
9310
2851
8661
1362
4311
1187
13900
5381
14050
6402
2532
2066
7973
1390
1933
7771
1190
12693
548
781
14857
3710
7204
14970
3198
2147
8680
8348
5885
8177
2527
7242
5067
10732
12278
8514
240
10266
15400
3471
13387
4126
13299
2956
9372
2623
9320
7656
8143
1065
8615
4194
16787
8216
6221
15231
10944
10754
14377
15162
11253
11935
5441
3121
323
7073
9177
12254
13185
7616
3537
10629
5771
10076
18068
149
8085
16842
3282
4392
9853
12763
3574
7790
7683
1110
15558
1033
4602
6468
15029
16077
2865
612
885
1582
7050
3225
15530
7149
2562
12431
2083
7907
6523
3857
14860
1667
8567
12574
1044
4024
2874
15540
10076
13278
6936
3983
7346
6311
5653
11056
1150
8624
9636
2402
2174
1406
6189
2547
4292
1979
6079
5870
4656
793
2921
8351
9380
16110
4083
3359
13389
7941
1918
11903
978
107
11908
7812
9632
8691
4607
3856
1606
10272
2584
3600
10643
5865
15087
4263
1074
6204
11991
7068
1075
4810
125
2641
474
8641
5245
15404
15010
6276
10072
2403
3666
18004
9295
6161
13675
12752
6414
764
2621
14162
12527
3373
10195
13241
13685
10885
8840
2619
4532
2849
8246
579
13881
2193
6315
6929
9771
829
9368
426
9045
7236
11356
9058
2431
16926
5669
8761
11265
3181
4357
14259
8633
1825
1386
5488
12892
7445
8494
2466
13588
4843
10474
5331
7430
3529
2714
3701
6779
6486
16642
1828
