7934
15247
8500
1934
6319
11056
7058
4733
14436
1213
14266
6931
1619
8996
8708
7346
11697
474
9455
7418
9669
14261
4611
10722
2626
1498
11315
12245
11142
13236
7791
15097
6800
8370
7250
11232
13730
7261
4187
5120
8981
2326
4182
2618
5722
14948
15279
9967
9482
14633
4023
14608
11066
14720
15171
1710
10143
4601
6332
6016
5865
13259
6489
4454
3499
5400
10323
6555
13476
13085
9191
7318
14714
14411
14073
7009
8970
504
8424
6077
8957
5157
4606
6088
12918
4137
1091
2094
1919
3144
12684
7673
7499
10707
10142
11276
12901
1228
13439
2472
3839
10915
15063
6481
7034
8
8421
10899
10008
2677
1022
14725
9249
1695
7933
2322
9151
2099
4595
14966
10076
10325
6251
9447
3857
1341
5973
6278
9695
13167
9273
6360
11211
15167
3208
10678
13045
5860
12683
5087
15033
1652
8460
13778
1933
10602
11267
14735
5882
520
4213
12999
1610
3756
10767
13443
10178
8600
14675
14711
11178
9401
3193
7538
1670
1787
12757
8860
196
13749
6701
7559
13285
13784
11010
2401
9841
5841
6438
1222
11058
15317
11047
13504
7384
7577
6923
13756
10009
6381
9008
8094
10003
3493
4550
5355
4261
1687
3212
12550
12728
5580
12917
7576
2093
3185
14040
1272
348
5048
1056
12712
157
15275
11940
7370
8350
13735
9318
10221
4179
8745
13489
7755
14296
1217
5693
11725
3632
3006
7453
14038
9557
3875
11956
6336
7385
8682
14990
2491
2397
6557
246
1749
14625
1858
8567
15061
8475
4453
3617
11382
8095
9255
9469
5058
9390
7032
9022
10016
5901
2117
11994
10769
11252
6611
3218
11983
12750
6268
10631
8241
7382
11700
4347
9142
10733
9541
9995
14394
8391
10564
7774
7938
4600
12253
9228
9197
4432
7972
14462
14474
202
13624
1750
4589
9380
11222
4713
4634
3395
12244
14170
13972
11636
793
12273
10433
12873
12773
1188
5617
7981
6327
13787
14438
15144
14434
894
8408
1192
3685
12912
5205
8484
13436
14599
11978
3260
156
11185
6802
10521
11559
14072
14758
9050
3738
2619
13073
9659
1071
8604
1595
222
9195
12516
10160
10816
9266
14232
9709
6151
3012
7506
10630
10786
596
12505
9379
13111
12831
896
4399
8102
13491
9239
6305
11600
14741
890
9955
12027
3003
5862
11180
13981
9585
10338
12390
8454
7720
6686
12823
1269
7948
3655
8023
6136
10814
2851
945
6122
6286
6063
13583
12613
13000
6564
509
947
4002
15022
4771
9463
10654
7951
7080
1844
6399
11691
475
9989
15299
6384
14856
12485
1886
10820
897
15044
12248
14342
11253
14595
7988
3015
3877
13777
6553
6606
6334
7399
10618
14081
8374
14178
5130
1887
6391
10258
8467
9426
3897
6064
13933
5717
15055
8069
9977
13524
1332
2919
3160
13867
3452
5161
12709
14520
8797
192
8457
6316
13399
8230
2407
5107
12419
14924
5215
891
4400
6847
5431
2347
13915
8978
6703
240
4716
14800
7989
3413
4794
7704
14897
3759
13279
13003
13830
10827
13645
5069
11564
8768
7939
7798
8358
6996
3623
1885
1040
7690
12662
9839
14466
11666
8865
11593
9226
14294
12628
7663
12517
903
1425
1065
5861
13427
3141
2338
5898
6918
4577
791
6026
11777
12751
2486
15145
14451
6986
15154
7567
6309
7222
1489
14255
14340
6177
14970
2591
12444
12969
12890
7970
1509
8979
1689
15175
7976
1407
3914
5477
6167
6514
8097
11269
12772
12857
584
6142
10145
11247
172
1084
15133
7858
6970
8647
10737
15255
9525
7381
12658
8199
13744
15169
3938
1618
1194
2113
8730
13965
3508
13669
9708
8624
13499
14681
10882
11645
12020
12232
886
10907
10475
9684
3414
3214
10883
9025
6282
6690
3834
5781
12542
11638
8225
9286
4396
13207
43
14079
11314
6131
5887
6512
4192
4267
9611
7795
9621
15115
565
12002
9632
3412
1216
9024
12256
15041
15234
7498
12908
3449
11011
7245
15290
1455
5773
2666
14580
1281
14067
8518
241
5632
7400
11673
8585
2899
10352
8096
6247
1208
9223
12465
6059
169
8653
8584
7756
8863
14477
8437
7670
7564
2933
10482
7784
3991
13951
8787
11251
12017
14084
9214
2902
1079
3125
10634
6277
5864
9366
10271
4357
12737
1688
13080
15023
956
7229
12925
13748
14920
3175
5837
6049
4462
7712
8413
8186
4175
2641
10383
8495
9905
4078
7775
4433
7513
6395
8389
11655
8187
13247
1124
5689
5815
8010
14057
4390
14996
952
6401
1315
3817
13452
11710
15126
7834
10233
12650
10175
978
11151
2629
10177
4161
11625
549
10649
3902
4070
9284
10539
4212
4978
5055
15007
1075
10274
9479
6387
6693
3082
4417
7348
1852
13935
9250
6248
3612
5002
10845
12753
7611
4984
8603
3358
1244
8492
14613
9716
10370
1128
5721
10771
6691
12703
6685
149
14736
5140
13541
8965
497
12775
4127
5858
7578
1714
10930
4598
1878
6846
11711
12900
7968
13621
6725
1792
7404
1179
7367
14275
6375
8771
14902
11190
2866
14627
9647
479
4318
6291
1463
5842
11398
3094
6333
6734
3680
3586
8084
6130
466
8111
13919
1731
798
9653
14432
12428
7524
14112
8689
3589
1744
9333
14722
785
4958
7244
14456
6042
3415
5137
10619
10712
10635
10445
14639
10371
15274
10643
1789
3359
11016
6344
10265
14168
6849
155
11712
1496
12001
11560
5003
1680
5208
7091
8611
2336
7454
3506
6542
14594
7565
8775
14541
6524
3701
14623
12887
10006
10604
6173
8204
6904
13136
8106
11448
3571
4969
7460
11942
7487
1912
7510
9020
1459
13654
12677
10590
14397
9053
10711
5899
14809
10889
12844
10729
4394
1187
6326
5155
14054
1660
3816
7251
10455
12251
1190
9291
7242
10650
4000
4077
6320
3604
11551
7279
12725
5065
13472
8842
14581
230
13170
108
4621
3368
11175
573
7684
6036
7036
2229
13509
13278
11006
7986
1140
11986
3037
3448
3872
994
9963
11542
6400
7482
10669
210
7941
8786
9746
33
14585
5917
4188
6790
3186
7086
12970
10610
4624
8406
10598
14128
548
593
15046
11054
13754
8202
4445
9339
11394
13988
4588
15325
11173
6615
7674
3370
6112
11591
9791
6823
4609
3980
10129
2465
2674
1112
2602
10439
4346
3354
9554
15207
1594
3411
13241
10083
8784
6402
8451
3622
13991
9826
9675
5172
8587
10085
9950
10684
9589
7772
6377
5684
3134
1575
10519
14922
11074
12810
9162
14299
10888
14078
10070
1426
9825
13265
15233
9532
2665
10644
4575
13795
6174
257
8441
13542
10893
7935
4157
9372
1563
13563
11022
11624
12708
2675
3779
4363
8711
7725
7141
9432
8861
14174
8859
6744
13538
15135
7530
153
180
14728
2531
10147
1733
11958
10544
6048
1736
8673
8116
1522
9448
1638
10458
15246
4576
1884
4084
9692
5424
8246
9699
158
1806
1147
9677
11090
10476
9293
786
6503
12896
12860
5751
12920
8651
12514
9555
10461
12603
10685
10257
1237
7145
9816
7134
551
6126
10962
8782
4743
13543
5203
4329
12425
1596
14995
8397
411
4455
14049
2133
14505
711
10204
4566
12832
771
892
8033
13401
3745
9642
15251
5200
12557
6324
15318
13544
10270
7536
3682
6971
7661
11020
7963
10418
15062
12202
3147
15137
2642
8090
14805
11203
2421
8528
9957
5910
8121
3001
3903
12431
3032
4558
3166
12594
5151
13936
7182
13424
8601
14395
9705
502
1805
7181
12258
13879
12147
9774
14105
8636
9556
8772
9188
5351
10214
12243
1123
8046
8030
1568
3505
14566
6362
11282
3364
14107
13750
4144
10968
9636
12239
10766
7322
195
14341
3856
14731
6855
9361
8400
5893
14571
4404
6478
9978
6141
561
2394
9987
5598
5856
2454
8432
12770
10791
2903
7468
5883
13382
3051
3829
4323
7142
3598
15311
10215
2607
1827
600
564
14260
7438
6147
4720
4162
7658
14069
12384
11050
5213
7995
14150
7801
1424
10450
4628
6761
13471
5976
1815
7340
5902
7
14235
6066
12548
6891
1893
8623
473
7249
4623
251
14925
11689
12681
11596
5201
13569
13067
1488
14629
4081
8238
3121
12944
9410
10529
1087
7568
2464
15075
3142
11177
7709
9753
6906
12252
13641
13261
4998
3657
5891
10002
13978
8394
7472
7416
1282
5787
3720
10825
863
6073
4401
10066
1725
4260
9965
9289
7579
12007
11548
10668
1831
5432
10163
7139
5437
46
12513
10821
6988
2337
13671
10890
12745
14593
12874
6612
13977
6929
3630
8654
14504
3818
6933
3706
1877
5158
11336
4637
12937
14992
1329
14055
14953
5716
10923
3600
2671
14989
7929
11652
15235
10741
470
119
6545
8353
1169
3643
9767
8013
14242
1508
12547
15314
12386
8529
8229
13291
9478
6272
214
1381
1052
12856
8483
1221
6330
4604
11393
5491
9152
6022
9662
11405
1685
6771
14785
10651
8014
9559
12388
7060
8435
340
13857
4442
9328
12802
15116
3639
7738
6949
1599
14689
12645
8051
12264
912
4319
7462
5068
6365
204
6260
12777
3670
13110
998
7363
11595
7326
12260
4723
10688
7290
8011
1288
6455
3035
11925
13314
10703
11064
11955
856
546
13880
8544
1829
4365
1988
1564
9914
14041
8404
11263
107
9752
9968
9733
5064
8564
13405
12522
5436
4782
6774
14710
6517
1676
12596
6423
13885
4053
9817
2853
9690
7931
6062
13302
10886
9663
9884
3837
3717
13457
14300
490
1304
2473
1069
7783
4073
10690
4362
4559
2937
10905
13082
4964
4603
13418
1271
17
2860
8525
1608
3846
6285
4792
12913
9140
9302
11643
14016
8388
8360
15252
11205
1153
1883
14790
15186
4343
8341
1576
7473
13456
3460
12776
8083
13228
9281
1397
15199
1857
4356
11302
10073
6249
8763
6276
12760
1892
12638
15182
2622
9902
7496
5194
6415
12268
4392
4185
14486
13280
14853
7581
3078
7327
5149
13802
7983
1637
1388
7793
8629
8383
5435
7360
11085
14544
1865
13667
2887
6018
14059
1896
11273
10757
14500
11195
9635
7169
2991
14283
6253
6288
1203
472
5885
1785
8443
12254
5159
11055
10620
12667
9227
4041
14729
3204
535
2154
4266
7372
13248
1582
8854
3447
256
6806
1671
7484
1734
15316
8382
14426
586
984
6943
1915
5354
6519
8856
4264
15002
15303
9982
14440
14481
11675
6301
1053
690
11993
5928
851
10790
1990
5070
3050
3573
14572
6911
4358
6284
9154
14383
9464
999
7998
4456
2862
10430
10783
10266
7936
7018
10622
9342
14761
10385
12246
9954
4961
1331
4724
13105
4180
11460
1280
8348
13431
14664
5439
536
11159
10169
3990
10768
6732
14697
10901
8701
11619
9560
3397
9849
1930
1673
3025
3841
11070
3416
14994
8840
713
12622
6343
3624
9652
8738
9147
8100
12456
8392
13644
1298
12426
468
14760
587
341
11802
8520
953
7586
10730
11143
12445
4082
238
7035
13938
6724
14102
5062
10994
8417
7083
951
5360
3907
12730
11038
2400
9219
7398
12617
14377
10380
9277
8468
10542
5991
2868
5104
14900
815
10005
6698
3811
7973
623
5156
129
3198
12576
12729
6547
1598
12911
3580
14852
13765
10042
13918
14039
11065
6155
112
13108
4178
10227
4779
11388
650
14906
11976
182
1196
3812
8019
1336
11061
28
12761
15067
15029
44
2474
14750
14124
8029
10045
4765
14068
724
11637
528
6380
11934
11057
7011
13947
9220
11045
2921
9205
7330
8568
10731
10490
14698
7969
2424
14751
1876
1409
1647
3013
11549
8446
11400
9551
3654
7966
13982
1076
13186
5770
6841
3631
13650
6124
8752
1932
9634
10806
7077
1267
13925
7015
3210
12019
6250
8628
2329
3615
4040
9834
6318
7493
7992
11194
3820
3930
4158
11303
6280
507
4605
8035
3815
10264
6289
12512
4153
6390
9280
10894
7347
4459
145
13271
996
12563
14349
13626
10833
5913
5579
8472
11316
4340
817
845
14134
11281
13894
14439
15181
6394
7084
13502
4790
9363
9468
3891
5546
10885
4719
8852
12646
10720
14579
1911
8729
9712
12377
9683
1662
8085
5783
9584
7857
9637
11069
8093
1825
13277
3755
7285
9531
11641
10639
710
13974
10462
5855
12839
3162
9367
4403
1845
6413
12272
9550
1491
15168
3080
14618
2664
14968
717
1195
9369
9874
1728
10832
1226
11659
13564
5739
3146
10493
10627
12480
1602
13411
14042
1166
9613
2423
1851
126
4737
10165
12825
7543
5892
9534
11163
346
12595
9639
6148
8712
13872
14464
9827
13199
5583
602
11183
11692
3694
6681
14792
14493
5780
10159
4738
11800
5133
1249
6689
13273
7288
8001
7281
14351
9590
14106
7741
6213
8739
4287
3754
7470
10098
11715
9641
1635
10394
2623
10641
9824
12569
7987
11063
10091
8055
4608
11255
130
13758
15326
10745
10176
7984
15256
12025
11456
12859
7076
8597
13794
243
579
6912
12797
2422
14969
1170
14015
2511
3109
1742
6149
3385
9068
12500
1018
4202
11071
6386
9558
13251
10146
5724
11677
1706
5177
206
8114
5132
1380
13608
7255
1664
6449
6871
7380
6406
7013
9480
1044
7241
14483
8405
11939
11469
236
9648
4464
14739
8646
10272
1657
3130
13118
12899
12692
843
9672
8022
7289
3677
1849
11357
12625
6125
3583
12739
10599
6369
4011
6848
3111
6487
6005
5539
13932
8052
4156
11216
6119
12483
8532
14927
10756
779
7996
10205
2997
2108
8448
412
12308
14487
12000
14830
1118
13797
12553
9232
9764
13429
5160
9715
10596
10838
4055
8607
6023
5618
7771
8414
12572
8453
13527
15143
13561
12029
10331
9630
14239
552
5582
10218
15185
3259
10017
13131
11446
14384
981
1462
14433
7796
6329
1929
83
9762
10779
7283
5800
11447
13598
5086
9416
8423
9145
10381
9001
5872
1095
13900
789
12892
10965
7137
235
9945
9843
8068
985
9047
14702
13315
3762
2612
2456
6934
4027
215
13135
9629
1223
11694
9819
6765
8504
12756
4148
3893
9475
6075
13637
3890
6760
5503
10740
4619
5073
14019
719
6321
11304
13421
1903
13451
5895
3748
4564
6430
13252
5768
1992
12735
7711
4045
11748
4337
13295
3450
2468
9744
7540
9149
250
10985
3609
9057
7263
5206
1467
2915
10154
5765
14482
2470
10995
2134
1141
13810
9006
14004
2460
8633
6839
7698
9371
7606
7532
906
15302
7797
9538
11001
6009
8185
7982
8615
12032
597
13909
5752
12919
12604
11084
9664
13475
1235
4190
8387
3360
11089
1743
8347
6259
1606
7569
5686
910
9466
6879
2115
8650
9520
7718
2867
5839
8016
13679
7521
12649
14540
8201
1443
2633
2663
12711
4712
5744
9163
594
8078
1358
7272
11742
13673
14665
8593
13747
9670
14172
12923
7990
8741
3033
6043
7361
9655
239
13497
12803
14524
6011
10080
3988
1681
15142
7789
7533
14677
6811
1225
5831
7497
3161
5978
7928
7321
2483
6726
2600
11693
3596
10660
8379
2998
8527
11225
2990
6055
4204
10921
15140
6378
10835
7227
3629
12266
10472
3886
1801
11209
7526
1337
14240
5909
7962
14460
4766
4206
7375
10150
10636
541
8767
8783
10664
13548
6046
254
9676
12450
12618
1086
2425
4551
8764
11550
11271
8613
3882
3043
6431
12570
6303
3665
13263
125
11014
1219
10403
2516
10043
9168
13486
14271
15305
8485
13530
12655
15123
4334
7537
9654
5011
5725
5926
173
11633
4184
1679
14705
3566
183
9404
9009
9231
3727
12635
4080
1229
6414
1231
3614
13409
8077
3116
13888
5088
3363
1524
3137
7737
7495
8547
1201
13635
4732
10223
12767
14700
14453
10607
3183
5497
14743
895
14946
6969
7021
9
11077
7082
790
12520
7694
12441
14640
13913
14165
9400
4579
7232
6824
720
8112
11453
5866
14531
9714
7397
9252
13164
6521
12819
11471
1214
4584
1747
1567
10718
1078
15013
15124
7223
3601
1622
10230
7066
10376
8967
9000
14622
3619
6672
12820
9751
13633
7508
1571
6888
7503
6359
8471
1583
788
6851
13594
10543
15064
9150
2452
6910
2661
6078
13266
5906
1936
12902
9679
9561
3847
13949
6552
14083
13627
7204
4129
13752
7580
767
12487
4166
4411
8605
15312
3140
9640
7721
3152
2100
2592
14923
5500
9998
13257
3048
6335
5962
10161
5972
12909
6424
11189
9311
614
8740
7008
3362
10621
1870
7979
2462
12847
7502
9627
12442
10721
9237
8070
2643
7799
1944
14985
13801
14480
14484
4999
8476
14101
1917
9065
135
13494
7258
2323
6917
4147
3844
1428
1782
5059
14598
11543
3669
10148
13507
13231
3781
5134
5017
6116
14754
5501
14071
4215
5490
6687
7059
11928
9424
14756
6908
13129
14807
10589
4037
3782
1694
6789
10382
9624
2863
7282
49
3569
7369
4173
14501
6154
2427
4093
14108
13526
7004
3831
10319
7930
398
8744
237
4717
11702
6157
14721
6307
13006
13964
12478
13681
14476
12878
1804
491
6283
1562
6111
14012
8705
15278
13890
2613
13275
1121
12267
1234
14796
8496
7157
14724
14491
5057
1014
14904
3514
7477
1840
4742
9990
1879
4625
6878
11470
7613
979
4457
12146
11052
3683
8674
10171
11073
4076
3044
1519
9704
4083
14268
8420
4364
10242
14234
1486
15277
11606
14103
6609
2395
13473
6607
13628
9616
13083
13116
11035
11989
11246
10637
9376
3356
13081
4748
8040
2896
8713
12561
10675
12568
11249
13383
13046
10836
8015
3653
10054
10198
14413
6694
14237
3578
5077
855
9256
12812
13441
6037
7999
10755
7994
10459
12443
2864
10444
8056
11383
3158
14577
496
3498
9681
11019
10401
12004
3892
3595
14860
9814
954
9625
8419
14058
1189
2930
1064
9913
3378
11634
15324
3151
480
11356
2656
15150
14519
1209
7946
794
6314
963
6058
12910
11927
3699
11615
1510
4784
13678
6700
595
6820
4565
1922
10220
5547
2111
6525
8710
2883
4315
8794
4072
1712
8232
14492
11029
6290
10072
2646
14236
5782
10502
5007
4183
1690
4062
4960
8549
2992
591
10203
3046
4582
4402
11626
14808
9434
12259
9638
7154
13490
10526
15304
1122
5052
8612
1621
6763
12695
554
14047
9036
13407
12526
1675
5685
11078
6081
13659
15005
13290
209
3200
6779
9258
11156
10228
12262
12766
9368
7483
10375
13967
14167
11990
12903
6941
12518
9002
1941
9427
11041
2228
12529
1016
7944
2348
10060
12257
3740
6973
7602
14082
13415
4262
11803
13963
1248
3883
12616
13115
3641
13437
7401
11698
13611
12464
8639
550
11188
14478
9628
12621
11021
10354
3753
6389
15206
2471
15146
7736
8393
3767
1204
2627
10194
14
11060
1925
7467
9067
3516
14293
9542
519
9750
1783
12893
7516
12895
4460
14086
7014
15134
11472
3029
11462
15281
14017
4205
229
3145
8031
3558
117
5868
12236
10972
5433
1880
9668
9536
8862
6252
5121
6176
4149
14921
10324
11319
6114
11552
14649
8200
11213
8622
10099
1683
6159
4020
14909
13924
10603
7006
334
7173
1146
10600
5154
7295
11036
11072
6794
4155
10068
6160
7159
150
5990
7745
13887
7832
12898
7280
4214
7135
13764
10844
6884
6471
9414
6673
10065
5912
10464
11991
4349
3874
9389
1597
6086
9343
12639
1826
8841
6255
12800
4305
9689
4583
15286
14276
9199
8120
1678
6133
13884
1581
7320
4793
8105
14356
14409
10346
10170
11076
13622
3788
11592
13282
6903
12199
167
9761
3070
11714
4196
6728
5904
13264
11208
1659
109
6488
13540
10546
6364
3726
11658
6791
207
6061
12056
592
14423
1931
7264
5621
3776
12634
3409
2458
7853
4058
9994
13284
3913
5889
3451
9141
6479
6172
4983
7804
10846
14126
13939
13882
7699
10438
5723
13496
5131
3640
7172
13642
847
15249
13198
14597
13899
11465
3674
13446
2490
10095
1492
9943
10817
3190
12852
1730
15018
8129
8003
12432
14169
7262
7942
6892
6940
3715
8184
13300
1890
7478
12936
12998
14250
10747
3842
13168
2911
5813
395
14755
13856
3045
6898
12546
3636
3836
1501
11587
4090
14162
5114
531
1125
476
2593
9247
11775
10442
10419
10158
6325
7708
3592
13799
2426
12849
14381
7057
12946
11306
5443
3700
12746
15112
9330
6704
5538
8000
13834
6889
4043
11274
9658
1438
14678
1433
9818
12612
9144
8548
13966
1848
10569
13623
2917
8109
3039
1869
469
13832
8569
11798
8049
904
9392
8866
4154
10824
6367
7993
4602
11449
11017
9011
2112
7090
1847
4413
14638
3361
3658
11250
3813
3860
13055
12575
2907
5438
5834
154
3563
2905
15310
8351
11632
6271
2931
5499
8062
10547
3686
8635
10229
1294
764
9543
111
13297
10973
3164
11971
3625
1321
9217
3157
11642
6115
12669
14470
3588
8617
6972
4360
7010
14573
2235
1916
1909
6150
15129
6746
3131
9737
14787
11555
13132
13482
6351
776
488
1472
8524
581
2088
10759
9696
15313
14797
3171
5789
4092
2451
10763
5631
4181
3616
14252
1888
11030
9403
14127
4342
14267
191
2588
14180
5456
11943
9700
9409
9155
1756
198
13321
14461
10399
10762
6676
7705
7022
10689
6165
3750
4556
14905
489
3739
11672
7952
8493
48
14827
12927
12416
10732
9356
567
4344
14899
14254
3929
6507
10393
4209
6379
7767
4607
10130
1423
3684
6121
1205
10483
13636
4635
8071
15320
10964
4955
1561
1045
10089
8207
8526
12736
7174
7848
1616
8226
14908
4354
7967
492
1663
4009
1987
3894
2858
11466
223
13428
10195
3613
14954
5178
12620
3758
15021
3879
2861
5726
3009
2114
10801
181
8728
1292
6613
7054
4959
1386
1661
12545
5916
8845
819
1210
1609
6801
9980
1074
10395
4599
3572
14488
176
9248
9027
3646
4259
10931
6398
7225
14707
8218
8983
14901
3724
3993
4293
13137
7394
2654
201
9626
11312
13780
8079
2463
4210
11706
9397
10172
6013
12429
9979
10686
583
4406
5204
12940
11079
2667
7455
7525
10167
221
3935
1005
12578
14965
13262
3369
9710
7562
13825
11062
8982
2461
8107
10705
7486
11387
13433
852
3664
13408
2517
7730
12945
14723
3585
10971
10451
7612
10822
14626
11207
11464
13781
14666
493
8765
13934
1003
5429
13474
1250
14391
2635
1620
4447
11082
14437
3899
12697
14828
3579
6057
13821
11395
4311
12614
2580
1057
7415
5008
5495
1692
11801
13987
10984
13883
10400
6881
3478
5109
9533
3719
1875
1623
9702
689
219
3752
1748
7953
5760
10661
6749
2670
242
1137
13453
6999
14967
4561
1199
6266
3570
7334
14545
6905
1139
12579
1289
12415
11307
13953
997
4585
13258
6107
12872
10426
14885
10047
3375
9795
3169
12203
6110
3366
8067
3027
841
13547
15291
14465
11166
12455
11941
225
6822
9010
9221
3459
10520
13881
4057
3718
13889
14718
1642
8041
7505
2459
10601
7769
6403
14552
5888
900
11679
5871
12731
4326
122
2398
8381
7016
9418
13945
255
3884
11386
11086
1841
11701
14303
7236
3049
11741
14794
813
6410
4389
1346
14117
3118
11037
5116
1042
8089
10647
6292
988
12867
73
8702
13403
13617
3901
9711
3097
13077
11401
1338
8439
9609
18
6429
3515
706
4569
1200
9952
4345
13293
13313
1277
7509
6372
5835
7068
9370
9435
8575
7955
4973
2906
7056
14799
6337
12916
13670
6345
478
14684
9973
2634
3871
9833
9732
1431
4044
12534
10018
8717
8050
3760
4331
5488
11385
4208
13786
8244
3917
5900
5487
14713
6727
11554
2914
14806
15014
6792
8652
1314
13130
9969
9470
6396
14991
7162
11653
5129
11399
12030
1739
13950
1236
1215
8592
12574
6020
10553
14472
4778
6171
9100
1241
4618
2611
12698
12026
8704
7053
29
7373
1333
10180
1746
5474
10402
3022
14088
14070
12524
6071
2399
7274
13808
1802
5079
4970
11794
7977
1741
11023
30
7836
4138
8676
1684
15232
12755
6313
3184
4458
6312
7971
13318
4159
8086
10131
723
9743
11707
15151
5049
12801
10591
7338
10815
691
110
5993
12768
1485
9384
200
5637
1055
8042
784
5428
10704
9645
14116
1604
14115
6308
5863
2153
3034
5615
8692
3676
7776
4160
3504
8858
9378
10787
7669
3858
5106
1242
13629
5753
13643
3861
9244
4203
343
5150
175
5788
11747
14732
10680
13203
4446
11992
3681
10577
11686
11616
9329
9815
1015
10560
6070
2989
8047
6477
12740
1648
1062
7335
1186
13458
4436
15101
8378
10164
10353
8197
12850
4783
15315
8242
11191
3387
10588
12726
8491
82
1686
5536
9056
5108
13920
603
4211
3095
2116
5054
14110
13187
15030
9985
11152
6482
1799
3479
3667
6668
6135
11935
160
5440
13107
11256
10137
8438
5361
6267
3575
11461
15250
4592
6411
9828
12511
9678
14963
7395
13078
6298
12855
5692
6523
12906
9508
8610
12771
15287
10714
1651
7161
14674
1699
14858
7017
3722
557
7089
9956
9012
3149
11804
1752
9035
1006
10541
1061
14171
1697
15187
11981
494
589
9023
2608
5850
8117
11053
5977
11384
14668
3047
6735
7759
725
9411
8440
14442
2346
14703
10663
11709
14671
7276
4367
8101
5425
6035
10624
3382
14716
4359
3898
15066
2484
13755
718
151
6422
11455
5352
9458
4071
12233
1073
8746
12556
942
5053
1677
7773
773
12493
3038
12668
13047
10679
13733
15307
13001
1202
1645
4371
7065
13734
15153
7692
15152
1745
13106
11795
2625
15
5616
5085
9906
7002
6987
7943
3191
14473
14248
1853
15078
11248
10155
8118
795
10770
12943
1658
3987
10917
5964
8099
7386
2362
12942
6541
14624
10528
3859
6054
6178
12619
5128
13917
7393
7954
8489
14919
13582
2885
1418
15122
2865
10652
6393
571
14074
5014
4557
9021
8115
4079
2101
10826
12845
13054
10321
5633
11229
11743
12261
7662
9656
1986
6766
12690
10670
1570
5814
7040
562
13680
12528
9375
11557
8048
10093
3096
1866
3024
1718
397
10100
2900
6409
6310
6880
1901
5195
6793
6306
5426
11224
1672
533
6412
864
14715
6382
9420
11806
10993
14494
15257
9755
6352
13829
8482
13805
12846
6670
12763
7675
13503
12424
13800
1668
9619
6821
12664
3230
3725
13316
12593
1344
5953
797
2589
11220
3751
7681
11899
13940
6153
14786
4174
10842
12486
6522
6420
5135
1667
6120
8864
13204
1227
13281
12915
1301
11013
1470
10078
7803
9830
9465
12021
3618
3040
14348
6281
1224
9739
6902
12672
13835
1089
10777
5908
5986
6274
5005
7735
707
7179
6123
9071
2630
9396
10396
2325
12626
9462
6554
2849
6315
1343
3132
4026
12848
1800
5489
991
4145
14435
13425
8119
9309
8088
14578
911
7469
8742
2624
1299
9717
6033
3714
120
10231
5975
11212
8976
6056
11325
9798
10216
1220
10748
1342
10760
9942
12707
5636
12240
1047
11937
11647
13292
4461
7781
582
993
1717
14510
10764
3870
3713
2455
8980
8530
11704
5498
8686
6764
3513
950
11268
7231
12247
3786
71
11730
9813
10914
9974
11614
12249
3206
14154
1797
2237
5545
245
8792
11696
3693
10004
1247
14247
1871
9796
7723
10903
11699
7371
6432
1874
11589
3757
5886
6812
14635
12255
13751
6072
839
12609
3873
5427
8793
11646
4581
263
8108
6322
9251
12269
5923
10273
8418
13973
14420
9552
7284
4578
712
8837
10784
6762
15276
13289
12506
8444
9765
13501
577
178
5769
8410
3503
9324
8087
4292
7978
2123
9327
8751
13267
5905
12888
14726
12473
558
10922
2904
9730
14822
853
10788
14526
11235
8215
7331
1211
9224
9278
5113
803
12743
9450
14156
14282
4412
11403
11254
12543
3584
1940
127
5890
13445
5767
10606
3567
5359
14080
4957
768
11639
9988
6373
10079
8602
7224
12734
10734
1716
7696
7419
13677
8487
3564
4091
7965
14719
6539
5961
11954
14044
4622
8502
1624
11168
6331
3010
13616
4626
13075
14546
9353
11215
3889
11083
3379
7724
7833
3819
3380
14730
12250
8867
8002
8128
1788
7323
10268
8773
15141
6750
13483
2488
6388
9066
11219
1167
14347
15172
1437
260
15248
6408
13562
10906
3761
9763
5493
545
13620
79
3390
11278
10174
6428
10681
6813
5060
7039
15065
6515
1461
11708
6090
10415
6113
7144
2606
8488
10222
5870
272
8346
3023
1600
4448
8785
10097
3041
3807
1493
10064
13632
975
8390
2660
4714
10758
14118
8342
8714
9391
7228
6076
5907
14680
7265
14708
12535
14014
3887
118
12501
15040
7780
12434
9535
1327
11609
9949
8780
335
12972
11938
12503
13816
9139
10241
14641
6484
11972
7574
12482
1197
5578
7494
6780
11003
12796
6328
4987
1798
3763
10166
11018
10059
7413
4200
8522
3165
7226
5877
1339
7466
11223
8609
12602
5876
3608
10785
4370
1786
14837
1729
10843
4552
9606
12610
10765
10240
1432
1505
9803
471
1698
15254
10440
11974
5494
4059
2644
1325
1738
8598
14742
14469
15282
15156
10327
15176
9633
1751
4752
14737
14530
4052
14051
5212
769
5558
8680
5867
14379
1002
13510
7788
4086
14278
899
10449
11988
244
13948
13227
6702
15309
13484
6559
9680
1711
8693
4553
14454
13301
949
989
9549
8531
4207
1855
854
7831
10374
6257
5561
3559
4438
7686
10782
6132
6317
14683
8362
7689
7974
4434
13076
6374
12605
9308
10055
12263
3697
3565
12451
11184
9748
14717
13522
3507
976
3916
14357
6175
11451
7758
9610
6513
7937
12560
5875
8690
766
15173
9166
11998
12544
578
10267
2238
9003
10605
6861
12704
7541
1090
990
12764
3568
12559
3491
6843
9540
8012
3066
14738
7802
12641
14018
15231
14392
1072
6082
13990
13886
12656
11705
13793
6457
11690
4795
4735
10015
540
6856
10716
3014
6311
9059
2647
4025
14998
11051
9754
12624
10638
10386
7136
199
9016
3129
8999
12615
2995
9473
1345
15148
10505
9332
11257
5694
4060
12417
9167
5166
1665
11805
11590
11631
8416
7003
14471
5609
14060
14238
9853
10933
6300
13296
4216
13968
11982
3900
4982
1627
11231
2631
12549
6916
5076
13287
8566
10128
9405
14699
2118
8044
3997
5903
6448
7012
1230
9698
3453
2363
3170
7476
1791
11468
15036
13481
6818
4734
6989
197
1708
6368
13294
2236
1300
1138
467
6751
3231
4016
7061
1429
6705
8152
8227
1004
1937
12466
1612
1334
7146
14152
9070
9055
792
8415
1793
3520
6040
14859
11664
1296
8367
1682
3989
7504
566
10320
6287
13897
12931
12636
13197
7610
14835
6128
9007
14475
860
5458
8498
9452
6909
6117
4754
4355
12538
4194
9586
10961
13283
11280
14854
11266
9875
12648
14485
12907
9770
14468
8608
11088
10071
2662
2632
10181
12858
3113
9355
7485
13134
6814
2449
52
7961
9951
9374
1396
14918
11467
1650
11265
13288
6434
6017
8352
3383
5873
266
4330
7031
7682
133
6502
5812
13432
3835
980
11588
15037
3668
6299
1245
11586
9618
14679
10269
2466
6516
9222
4061
10746
3510
12894
5356
580
7707
6392
166
2996
3257
9443
11457
12738
4064
8774
7680
10001
15147
5067
9325
12387
3384
7805
8709
6161
4199
5365
9230
3469
486
5469
13668
7260
7529
186
5214
7859
3939
6845
3637
14259
9225
8349
9847
13766
7528
11796
14537
14521
12303
3749
10398
13488
4580
10263
13485
8507
1206
3936
8110
9846
4024
1135
5556
1918
11087
8452
1674
3240
9394
1817
1719
9607
13117
9364
9657
10384
8006
13763
3081
6947
8409
12427
5153
9005
8082
11044
1500
1603
1094
8843
2918
6270
5136
8578
568
955
946
10887
8442
14166
4745
4395
6946
4997
2155
13260
15205
6610
10226
13434
505
8228
1043
6080
1566
7770
3496
10609
12640
7575
10545
10687
8395
14455
5180
1212
1207
12430
1891
14386
6163
8380
1904
10096
6214
13246
862
12521
14682
14077
10807
6127
14489
13614
5555
5430
6168
7734
1515
9738
9402
10608
8808
14396
15149
1092
10674
10640
9377
8377
7414
6302
12414
1198
11214
6407
5857
12523
47
10087
12394
1790
9169
7081
722
13647
8407
14301
10959
9449
8436
7985
5779
45
7230
1754
3785
7947
4975
5496
13495
1921
4278
7286
11695
9456
11611
8844
13298
9257
3746
4132
12623
10830
9742
5740
6015
1521
6366
12853
11458
3843
7728
14502
6376
11067
6361
6551
14636
5063
9953
6967
9620
539
6158
10506
3764
12824
12733
13274
13812
3747
14632
14810
271
3810
2639
14422
5013
11075
1218
6404
134
12309
622
5211
7542
7396
6419
1713
12897
14592
7710
10929
8343
977
11561
5610
15136
6279
7794
13833
6788
15319
9358
15308
8570
12854
3396
1070
588
3156
10397
5115
14543
1696
11463
3017
3168
13672
9425
7768
12515
6480
692
1185
4038
4740
11635
10109
185
14825
12433
7604
123
5442
3522
10225
13044
4372
15128
6068
10550
1859
15162
8486
3159
7366
258
1520
5041
12678
1191
11068
9422
3912
2599
6405
601
2469
7237
10987
7750
14672
12457
5963
9799
14374
8058
4085
4341
14378
10831
9749
11665
10063
948
12682
1408
9269
11450
11546
1897
11713
15139
14630
5849
7007
7259
11359
14551
3692
7945
13253
11167
5162
7365
983
3862
11326
10326
10232
11234
8494
11024
5434
8020
12864
818
10350
14791
4019
8431
10527
9058
12774
13430
11936
10789
14371
9054
6864
9646
7926
2672
15292
8198
9731
1669
2859
9707
11081
10530
8490
7855
485
570
4139
8245
13426
7474
8057
7471
15125
898
13084
3148
9736
3979
13568
960
10804
10667
8091
11080
5987
3845
8247
12769
32
8766
12861
13823
12851
14898
12537
5441
13625
13165
249
12611
4374
14952
3925
12003
5584
14043
5918
3446
6733
9218
5989
6754
7158
12527
14495
6913
15155
4193
7170
11091
4006
7743
9069
3110
3367
559
3814
9412
12519
3895
15323
4373
4627
4353
9615
2457
12926
6543
4710
1387
7997
7514
2856
8519
14971
10157
10986
220
6079
10810
13079
4265
4186
11092
3729
10717
7715
3789
13249
14135
6275
11459
1335
9294
1902
9660
8809
4996
4125
774
12702
1063
7560
5165
14602
4548
13312
1268
13400
14824
14926
11245
556
15054
10561
7800
8679
7932
5974
7749
6558
8021
840
11186
9148
9623
13166
3678
800
15138
10425
6034
10349
7927
12716
14667
11140
4435
12418
6323
13286
13492
13809
10162
12234
12509
11008
13240
13757
9741
10597
7746
14151
8606
6152
5869
15131
13514
9415
7268
12265
15253
14075
8092
11150
147
6363
13487
9820
4361
5851
7001
50
609
165
10090
6508
11703
2467
216
9944
13133
9476
4133
14819
1584
11226
15028
10
12723
3031
12752
5202
2403
8743
5353
6948
72
7693
5163
14013
5720
4980
1861
1813
3410
1666
13609
13971
8203
10007
12818
825
14596
12577
7527
1985
7975
10715
3199
124
14696
14380
4610
12758
5559
11012
10719
5492
1523
8447
14706
11311
6842
9622
13
6433
9779
13581
3703
765
992
6930
8036
8386
15027
14479
13238
6067
148
8113
5687
5757
3233
15047
9262
14823
9014
7333
1468
1814
14490
7387
8677
14610
14125
1641
796
1150
